timestamp,DD,DRR1,E_DD,E_FF,E_PPP,E_TTT,E_Td,FF,FX1,FX3,FX625,FX640,FX655,FXh,FXh25,FXh40,FXh55,N,N05,Neff,Nh,Nl,Nlm,Nm,PEvap,PPPP,PSd00,PSd30,PSd60,R101,R102,R103,R105,R107,R110,R120,R130,R150,R600,R602,R610,R650,RR1c,RR1o1,RR1u1,RR1w1,RR3c,RR6c,RRL1c,RRS1c,RRS3c,RRad1,RRdc,RRhc,RSunD,Rad1h,Rd00,Rd02,Rd10,Rd50,Rh00,Rh02,Rh10,Rh50,SunD,SunD1,SunD3,T5cm,TG,TM,TN,TTT,TX,Td,VV,VV10,W1W2,WPc11,WPc31,WPc61,WPcd1,WPch1,lead_time_sec,ww,ww3,wwC,wwC6,wwCh,wwD,wwD6,wwDh,wwF,wwF6,wwFh,wwL,wwL6,wwLh,wwM,wwM6,wwMd,wwMh,wwP,wwP6,wwPd,wwPh,wwS,wwS6,wwSh,wwT,wwT6,wwTd,wwTh,wwZ,wwZ6,wwZh
2021-07-12 00:00:00,112.0,0.0,85.0,0.5099999904632568,20.0,1.0,0.5,1.0299999713897705,2.569999933242798,3.0899999141693115,0.0,0.0,0.0,,,,,26.0,1.0,16.0,21.0,2.0,6.0,5.0,,101450.0,,,,1.0,0.0,0.0,0.0,0.0,0.0,0.0,0.0,0.0,1.0,1.0,0.0,0.0,0.0,0.0,0.0,0.0,0.0,0.0,0.0,0.0,0.0,,,,,0.0,,,,,,,,,,0.0,0.0,286.1499938964844,,,,288.54998779296875,,286.95001220703125,37500.0,0.0,0.0,0.0,0.0,0.0,,,10800.0,0.0,0.0,0.0,2.0,24.0,1.0,2.0,3.0,0.0,0.0,0.0,1.0,2.0,12.0,0.0,0.0,0.0,0.0,1.0,2.0,100.0,1.0,0.0,0.0,0.0,0.0,0.0,1.0,1.0,0.0,1.0,1.0
2021-07-12 01:00:00,106.0,0.0,90.0,0.5099999904632568,20.0,1.5,0.5,1.0299999713897705,2.569999933242798,3.0899999141693115,,,,,,,,28.0,1.0,17.0,19.0,1.0,11.0,10.0,,101410.0,,,,1.0,1.0,0.0,0.0,0.0,0.0,0.0,0.0,0.0,,,,,0.0,0.0,0.0,0.0,,,0.0,0.0,,,,,,0.0,,,,,,,,,,0.0,0.0,285.6499938964844,,,,288.1499938964844,,286.6499938964844,32100.0,0.0,,0.0,,,,,14400.0,0.0,,0.0,,,1.0,,,0.0,0.0,,1.0,1.0,,0.0,1.0,,,1.0,1.0,,,0.0,0.0,,0.0,,,,1.0,,
2021-07-12 02:00:00,106.0,0.0,83.0,0.5099999904632568,30.0,1.399999976158142,0.5,1.0299999713897705,2.569999933242798,3.0899999141693115,,,,,,,,32.0,0.0,25.0,20.0,0.0,15.0,15.0,,101360.0,,,,1.0,1.0,0.0,0.0,0.0,0.0,0.0,0.0,0.0,,,,,0.0,0.0,0.0,0.0,,,0.0,0.0,,,,,,0.0,,,,,,,,,,0.0,0.0,285.1499938964844,,,,287.54998779296875,,286.3500061035156,27800.0,0.0,,0.0,,,,,18000.0,0.0,,0.0,,,1.0,,,0.0,0.0,,1.0,1.0,,1.0,2.0,,,1.0,1.0,,,0.0,0.0,,0.0,,,,0.0,,
2021-07-12 03:00:00,89.0,0.0,85.0,0.5099999904632568,30.0,1.0,0.5,1.0299999713897705,2.569999933242798,3.0899999141693115,,,,,,,,43.0,0.0,31.0,31.0,0.0,17.0,17.0,,101320.0,,,,1.0,1.0,0.0,0.0,0.0,0.0,0.0,0.0,0.0,,,,,0.0,0.0,0.0,0.0,0.0,,0.0,0.0,0.0,,,,,0.0,,,,,,,,,,0.0,0.0,285.25,,,,286.95001220703125,,286.1499938964844,22600.0,0.0,,0.0,0.0,0.0,,,21600.0,0.0,0.0,1.0,1.0,,0.0,2.0,,0.0,0.0,,1.0,2.0,,1.0,2.0,,,1.0,2.0,,,0.0,0.0,,0.0,0.0,,,0.0,1.0,
2021-07-12 04:00:00,278.0,0.0,83.0,0.5099999904632568,20.0,0.5,0.5,1.0299999713897705,2.569999933242798,4.630000114440918,,,,,,,,85.0,0.0,64.0,73.0,0.0,44.0,44.0,,101300.0,,,,0.0,0.0,0.0,0.0,0.0,0.0,0.0,0.0,0.0,,,,,0.0,0.0,0.0,0.0,,,0.0,0.0,,1.0,,,,0.0,,,,,,,,,,0.0,960.0,284.45001220703125,,,,286.25,,285.6499938964844,32000.0,1.0,,3.0,,,,,3600.0,3.0,,0.0,,,0.0,,,0.0,0.0,,0.0,2.0,,2.0,1.0,,,0.0,1.0,,,0.0,0.0,,0.0,,,,0.0,,
2021-07-12 05:00:00,159.0,0.0,84.0,0.5099999904632568,30.0,0.6000000238418579,0.5,1.5399999618530273,2.569999933242798,4.119999885559082,,,,,,,,81.0,0.0,58.0,66.0,0.0,44.0,44.0,,101260.0,,,,1.0,1.0,0.0,0.0,0.0,0.0,0.0,0.0,0.0,,,,,0.0,0.0,0.0,0.0,,,0.0,0.0,,15.0,,,,110.0,,,,,,,,,,780.0,1980.0,287.04998779296875,,,,287.6499938964844,,286.1499938964844,33700.0,0.0,,2.0,,,,,7200.0,2.0,,0.0,,,0.0,,,0.0,0.0,,0.0,2.0,,1.0,1.0,,,0.0,1.0,,,0.0,0.0,,0.0,,,,0.0,,
2021-07-12 06:00:00,182.0,0.0,66.0,0.5099999904632568,30.0,0.699999988079071,0.5,1.5399999618530273,3.0899999141693115,3.0899999141693115,1.0,0.0,0.0,5.659999847412109,1.0,0.0,0.0,79.0,0.0,59.0,61.0,3.0,45.0,43.0,,101220.0,100.0,92.0,9.0,1.0,1.0,1.0,0.0,0.0,0.0,0.0,0.0,0.0,2.0,1.0,1.0,0.0,0.0,0.0,0.0,0.0,0.0,0.0,0.0,0.0,0.0,29.0,0.10000000149011612,0.0,43.0,430.0,93.0,37.0,1.0,0.0,2.0,1.0,1.0,0.0,24480.0,1320.0,2940.0,290.04998779296875,283.8500061035156,292.04998779296875,285.75,289.3500061035156,295.25,286.54998779296875,37200.0,0.0,10.0,2.0,2.0,1.0,,,10800.0,2.0,2.0,0.0,0.0,8.0,2.0,1.0,5.0,0.0,0.0,0.0,2.0,0.0,3.0,0.0,2.0,,2.0,2.0,1.0,,2.0,0.0,1.0,0.0,0.0,0.0,,1.0,0.0,1.0,2.0
2021-07-12 07:00:00,211.0,60.0,61.0,0.5099999904632568,30.0,0.800000011920929,0.5,1.5399999618530273,3.0899999141693115,3.5999999046325684,,,,,,,,79.0,0.0,61.0,60.0,5.0,47.0,44.0,,101180.0,,,,1.0,1.0,1.0,0.0,0.0,0.0,0.0,0.0,0.0,,,,,0.0,0.0,0.0,0.0,,,0.0,0.0,,37.0,,,,830.0,76.0,15.0,1.0,0.0,,,,,,1560.0,3600.0,292.6499938964844,,,,291.04998779296875,,287.04998779296875,40200.0,0.0,,2.0,,,,,14400.0,2.0,,0.0,,,3.0,,,0.0,0.0,,4.0,4.0,,0.0,2.0,,,4.0,5.0,,,0.0,0.0,,0.0,,,,0.0,,
2021-07-12 08:00:00,224.0,120.0,57.0,0.5099999904632568,40.0,0.8999999761581421,0.5,1.5399999618530273,3.5999999046325684,3.5999999046325684,,,,,,,,75.0,0.0,62.0,53.0,5.0,46.0,43.0,,101150.0,,,,3.0,1.0,1.0,0.0,0.0,0.0,0.0,0.0,0.0,,,,,0.0,0.0,0.0,0.0,,,0.0,0.0,,39.0,,,,1160.0,,,,,,,,,,1620.0,4320.0,294.45001220703125,,,,292.3500061035156,,287.3500061035156,41800.0,0.0,,2.0,,,,,18000.0,2.0,,0.0,,,5.0,,,0.0,0.0,,5.0,6.0,,0.0,2.0,,,5.0,7.0,,,0.0,0.0,,0.0,,,,0.0,,
2021-07-12 09:00:00,223.0,120.0,66.0,0.5099999904632568,50.0,1.2000000476837158,0.699999988079071,2.059999942779541,3.5999999046325684,4.119999885559082,,,,,,,,82.0,0.0,69.0,63.0,2.0,52.0,51.0,,101110.0,,,,3.0,2.0,1.0,0.0,0.0,0.0,0.0,0.0,0.0,,,,,0.0,0.0,0.0,0.0,0.0,,0.0,0.0,0.0,40.0,,,,1450.0,,,,,,,,,,1680.0,4980.0,296.54998779296875,,,,293.6499938964844,,287.75,39200.0,0.0,,2.0,2.0,2.0,,,21600.0,2.0,2.0,1.0,1.0,,7.0,11.0,,0.0,0.0,,8.0,11.0,,0.0,2.0,,,8.0,11.0,,,0.0,0.0,,0.0,0.0,,,0.0,0.0,
2021-07-12 10:00:00,331.0,60.0,58.0,0.5099999904632568,30.0,0.5,0.6000000238418579,1.5399999618530273,3.5999999046325684,4.630000114440918,,,,,,,,90.0,0.0,80.0,68.0,1.0,67.0,67.0,,101000.0,,,,0.0,1.0,0.0,0.0,0.0,0.0,0.0,0.0,0.0,,,,,0.0,0.0,0.0,0.0,,,0.0,0.0,,40.0,,,,1620.0,,,,,,,,,,1020.0,4080.0,296.75,,,,294.3500061035156,,288.75,50700.0,0.0,,3.0,,,,,3600.0,3.0,,0.0,,,3.0,,,0.0,0.0,,3.0,2.0,,0.0,0.0,,,3.0,1.0,,,0.0,0.0,,0.0,,,,0.0,,
2021-07-12 11:00:00,353.0,120.0,59.0,0.5099999904632568,40.0,0.6000000238418579,0.800000011920929,2.059999942779541,4.119999885559082,4.630000114440918,,,,,,,,91.0,0.0,76.0,78.0,2.0,59.0,58.0,,100960.0,,,,1.0,1.0,0.0,0.0,0.0,0.0,0.0,0.0,0.0,,,,,0.0,0.0,0.0,0.0,,,0.0,0.0,,42.0,,,,1830.0,,,,,,,,,,1320.0,4200.0,298.04998779296875,,,,295.6499938964844,,289.04998779296875,45700.0,0.0,,3.0,,,,,7200.0,3.0,,1.0,,,4.0,,,0.0,0.0,,5.0,3.0,,0.0,0.0,,,5.0,2.0,,,0.0,0.0,,0.0,,,,0.0,,
2021-07-12 12:00:00,336.0,180.0,64.0,1.0299999713897705,50.0,0.8999999761581421,0.800000011920929,2.059999942779541,4.119999885559082,4.630000114440918,1.0,0.0,0.0,,,,,93.0,0.0,77.0,84.0,3.0,57.0,56.0,,100900.0,,,,3.0,2.0,1.0,0.0,1.0,1.0,0.0,0.0,0.0,3.0,3.0,1.0,0.0,0.0,0.0,0.0,0.0,0.0,0.0,0.0,0.0,0.0,40.0,,,,1790.0,,,,,,,,,,1380.0,4320.0,298.6499938964844,,,,296.45001220703125,,289.3500061035156,44300.0,0.0,30.0,2.0,3.0,3.0,,,10800.0,2.0,3.0,1.0,2.0,4.0,6.0,7.0,18.0,0.0,0.0,0.0,7.0,7.0,3.0,0.0,1.0,0.0,1.0,7.0,7.0,3.0,4.0,0.0,0.0,0.0,1.0,2.0,3.0,1.0,0.0,1.0,2.0
2021-07-12 13:00:00,332.0,300.0,52.0,1.0299999713897705,60.0,1.2000000476837158,0.8999999761581421,2.569999933242798,4.630000114440918,5.139999866485596,,,,,,,,93.0,0.0,76.0,84.0,10.0,59.0,54.0,,100900.0,,,,5.0,3.0,3.0,1.0,1.0,1.0,0.0,0.0,0.0,,,,,0.0,0.0,0.0,0.0,,,0.0,0.0,,39.0,,,,1720.0,,,,,,,,,,1260.0,3900.0,299.04998779296875,,,,297.1499938964844,,289.45001220703125,42100.0,0.0,,2.0,,,,,14400.0,2.0,,2.0,,,8.0,,,0.0,0.0,,10.0,12.0,,0.0,1.0,,,10.0,19.0,,,0.0,0.0,,2.0,,,,0.0,,
2021-07-12 14:00:00,318.0,420.0,64.0,1.0299999713897705,70.0,1.399999976158142,0.8999999761581421,2.569999933242798,5.139999866485596,5.659999847412109,,,,,,,,91.0,0.0,74.0,76.0,13.0,63.0,57.0,,100900.0,,,,9.0,8.0,5.0,4.0,3.0,3.0,1.0,0.0,0.0,,,,,0.0,0.0,0.0,0.0,,,0.0,0.0,,36.0,,,,1460.0,,,,,,,,,,1140.0,3420.0,298.3500061035156,,,,297.04998779296875,,289.3500061035156,44200.0,0.0,,2.0,,,,,18000.0,2.0,,5.0,,,13.0,,,0.0,0.0,,18.0,21.0,,0.0,1.0,,,18.0,34.0,,,0.0,0.0,,2.0,,,,0.0,,
2021-07-12 15:00:00,306.0,660.0,66.0,1.0299999713897705,70.0,1.5,0.8999999761581421,3.0899999141693115,5.139999866485596,6.170000076293945,,,,,,,,92.0,0.0,76.0,76.0,17.0,66.0,59.0,,100890.0,,,,18.0,15.0,10.0,7.0,5.0,5.0,3.0,1.0,1.0,,,,,0.0,0.0,0.0,0.0,0.0,,0.0,0.0,0.0,34.0,,,,1210.0,,,,,,,,,,780.0,3000.0,297.75,,,,296.75,,289.45001220703125,40200.0,0.0,,2.0,2.0,3.0,,,21600.0,2.0,2.0,9.0,10.0,,20.0,33.0,,0.0,0.0,,28.0,37.0,,0.0,1.0,,,28.0,37.0,,,0.0,0.0,,3.0,5.0,,,0.0,0.0,
2021-07-12 16:00:00,264.0,900.0,75.0,1.0299999713897705,80.0,1.7000000476837158,1.0,2.569999933242798,5.139999866485596,6.170000076293945,,,,,,,,93.0,0.0,77.0,79.0,16.0,69.0,63.0,,100890.0,,,,24.0,19.0,15.0,11.0,10.0,9.0,5.0,3.0,1.0,,,,,0.30000001192092896,2.0,0.0,0.0,,,0.30000001192092896,0.0,,31.0,,,,910.0,,,,,,,,,,660.0,2520.0,296.6499938964844,,,,296.3500061035156,,289.45001220703125,40100.0,0.0,,61.0,,,,,25200.0,61.0,,13.0,,,26.0,,,0.0,0.0,,39.0,47.0,,0.0,1.0,,,39.0,62.0,,,0.0,0.0,,5.0,,,,0.0,,
2021-07-12 17:00:00,235.0,1140.0,72.0,1.0299999713897705,90.0,1.7000000476837158,0.800000011920929,2.569999933242798,5.139999866485596,6.170000076293945,,,,,,,,96.0,0.0,82.0,85.0,23.0,74.0,67.0,,100870.0,,,,33.0,24.0,20.0,17.0,13.0,10.0,10.0,5.0,2.0,,,,,0.6000000238418579,1.0,0.0,0.0,,,0.6000000238418579,0.0,,25.0,,,,560.0,,,,,,,,,,360.0,2040.0,295.25,,,,295.6499938964844,,289.75,33800.0,0.0,,61.0,,,,,28800.0,61.0,,10.0,,,39.0,,,0.0,0.0,,50.0,64.0,,0.0,1.0,,,50.0,75.0,,,0.0,0.0,,5.0,,,,0.0,,
2021-07-12 18:00:00,220.0,1260.0,72.0,1.0299999713897705,90.0,1.600000023841858,0.699999988079071,2.569999933242798,4.630000114440918,6.170000076293945,5.0,0.0,0.0,7.199999809265137,4.0,0.0,0.0,99.0,1.0,87.0,96.0,27.0,82.0,76.0,,100910.0,,,,41.0,32.0,23.0,19.0,16.0,12.0,9.0,6.0,2.0,85.0,65.0,42.0,19.0,0.6000000238418579,1.0,0.0,0.0,1.5,1.5,0.6000000238418579,0.0,0.0,20.0,,1.5,,280.0,,,,,91.0,65.0,42.0,19.0,,240.0,1560.0,294.3500061035156,,,289.45001220703125,294.45001220703125,298.54998779296875,289.95001220703125,31800.0,0.0,60.0,63.0,63.0,63.0,,63.0,32400.0,63.0,61.0,11.0,28.0,29.0,47.0,58.0,65.0,0.0,0.0,0.0,58.0,82.0,82.0,0.0,0.0,,1.0,58.0,82.0,,83.0,0.0,0.0,0.0,4.0,12.0,,12.0,0.0,0.0,1.0
2021-07-12 19:00:00,201.0,1500.0,75.0,1.0299999713897705,100.0,1.399999976158142,0.6000000238418579,2.059999942779541,4.630000114440918,6.170000076293945,,,,,,,,100.0,1.0,92.0,98.0,30.0,88.0,83.0,,100930.0,,,,47.0,44.0,34.0,23.0,19.0,14.0,9.0,6.0,1.0,,,,,0.6000000238418579,1.0,0.0,0.0,,,0.6000000238418579,0.0,,13.0,,,,80.0,,,,,,,,,,120.0,1080.0,292.95001220703125,,,,293.54998779296875,,290.25,28900.0,0.0,,63.0,,,,,36000.0,63.0,,13.0,,,50.0,,,0.0,0.0,,62.0,83.0,,0.0,1.0,,,62.0,88.0,,,0.0,0.0,,4.0,,,,0.0,,
2021-07-12 20:00:00,186.0,1860.0,70.0,1.0299999713897705,90.0,1.0,0.5,2.059999942779541,4.630000114440918,6.690000057220459,,,,,,,,100.0,1.0,98.0,99.0,34.0,97.0,96.0,,100960.0,,,,56.0,54.0,46.0,42.0,33.0,29.0,25.0,9.0,7.0,,,,,1.0,4.0,0.0,1.0,,,1.0,0.0,,3.0,,,,0.0,,,,,,,,,,60.0,600.0,292.25,,,,292.54998779296875,,290.54998779296875,26300.0,1.0,,63.0,,,,,39600.0,63.0,,16.0,,,53.0,,,0.0,0.0,,69.0,85.0,,0.0,1.0,,,69.0,89.0,,,0.0,0.0,,4.0,,,,0.0,,
2021-07-12 21:00:00,198.0,2340.0,63.0,1.0299999713897705,100.0,1.2000000476837158,0.6000000238418579,2.059999942779541,5.139999866485596,6.690000057220459,,,,,,,,100.0,1.0,99.0,100.0,44.0,99.0,98.0,,100970.0,,,,65.0,66.0,59.0,49.0,41.0,34.0,29.0,22.0,22.0,,,,,1.2999999523162842,12.0,0.0,1.0,2.9000000953674316,,1.2999999523162842,0.0,0.0,,,,,0.0,,,,,,,,,,0.0,180.0,291.54998779296875,,,,291.8500061035156,,290.45001220703125,18100.0,0.0,,65.0,65.0,65.0,,,43200.0,65.0,63.0,18.0,40.0,,54.0,71.0,,0.0,0.0,,72.0,87.0,,0.0,1.0,,,72.0,87.0,,,0.0,0.0,,10.0,15.0,,,0.0,1.0,
2021-07-12 22:00:00,199.0,2760.0,71.0,1.0299999713897705,100.0,1.100000023841858,0.6000000238418579,2.569999933242798,5.139999866485596,6.690000057220459,,,,,,,,100.0,1.0,97.0,98.0,49.0,97.0,94.0,,100980.0,,,,73.0,70.0,67.0,61.0,54.0,47.0,37.0,27.0,19.0,,,,,2.0999999046325684,11.0,0.0,1.0,,,2.0999999046325684,0.0,,,,,,0.0,,,,,,,,,,0.0,120.0,291.25,,,,291.3500061035156,,290.45001220703125,17900.0,0.0,,82.0,,,,,46800.0,65.0,,18.0,,,60.0,,,0.0,0.0,,79.0,86.0,,0.0,3.0,,,79.0,88.0,,,0.0,0.0,,9.0,,,,1.0,,
2021-07-12 23:00:00,202.0,2940.0,76.0,1.0299999713897705,100.0,1.0,0.6000000238418579,2.569999933242798,5.139999866485596,6.690000057220459,,,,,,,,100.0,0.0,98.0,97.0,56.0,96.0,91.0,,100970.0,,,,71.0,71.0,68.0,67.0,64.0,61.0,41.0,21.0,21.0,,,,,2.700000047683716,14.0,0.0,3.0,,,2.700000047683716,0.0,,,,,,0.0,,,,,,,,,,0.0,60.0,290.54998779296875,,,,290.54998779296875,,290.45001220703125,13200.0,0.0,,65.0,,,,,50400.0,65.0,,16.0,,,63.0,,,0.0,0.0,,79.0,86.0,,0.0,5.0,,,79.0,88.0,,,0.0,0.0,,15.0,,,,1.0,,
2021-07-13 00:00:00,195.0,2880.0,54.0,0.5099999904632568,120.0,1.100000023841858,0.699999988079071,2.569999933242798,5.139999866485596,6.690000057220459,13.0,0.0,0.0,,,,,100.0,2.0,100.0,96.0,65.0,96.0,89.0,,100950.0,,,,71.0,71.0,73.0,72.0,65.0,59.0,43.0,31.0,27.0,86.0,79.0,73.0,61.0,3.0,13.0,0.0,2.0,7.900000095367432,10.5,3.0,0.0,0.0,,,,,0.0,,,,,,,,,,0.0,0.0,290.54998779296875,,,,290.45001220703125,,290.25,11400.0,2.0,66.0,65.0,82.0,82.0,,82.0,54000.0,65.0,65.0,14.0,42.0,54.0,66.0,81.0,84.0,0.0,0.0,0.0,80.0,86.0,91.0,3.0,4.0,6.0,4.0,80.0,86.0,97.0,91.0,0.0,0.0,0.0,13.0,27.0,44.0,37.0,0.0,1.0,1.0
2021-07-13 01:00:00,187.0,2940.0,60.0,1.0299999713897705,120.0,1.100000023841858,0.6000000238418579,2.569999933242798,5.139999866485596,6.690000057220459,,,,,,,,100.0,4.0,100.0,89.0,71.0,96.0,87.0,,100950.0,,,,68.0,74.0,72.0,70.0,67.0,66.0,42.0,42.0,25.0,,,,,3.0999999046325684,13.0,0.0,0.0,,,3.0999999046325684,0.0,,,,,,0.0,,,,,,,,,,0.0,0.0,290.1499938964844,,,,290.25,,290.1499938964844,7700.0,4.0,,65.0,,,,,57600.0,65.0,,11.0,,,67.0,,,0.0,0.0,,77.0,85.0,,5.0,6.0,,,77.0,87.0,,,0.0,0.0,,11.0,,,,0.0,,
2021-07-13 02:00:00,192.0,3060.0,38.0,1.0299999713897705,110.0,0.8999999761581421,0.699999988079071,2.569999933242798,5.139999866485596,6.690000057220459,,,,,,,,100.0,7.0,100.0,83.0,82.0,98.0,86.0,,100960.0,,,,73.0,71.0,68.0,65.0,63.0,63.0,48.0,42.0,27.0,,,,,3.299999952316284,13.0,0.0,0.0,,,3.299999952316284,0.0,,,,,,0.0,,,,,,,,,,0.0,0.0,289.75,,,,290.25,,289.95001220703125,6400.0,6.0,,65.0,,,,,61200.0,65.0,,9.0,,,68.0,,,0.0,0.0,,76.0,85.0,,6.0,6.0,,,76.0,87.0,,,0.0,0.0,,7.0,,,,2.0,,
2021-07-13 03:00:00,197.0,2700.0,18.0,1.0299999713897705,100.0,0.800000011920929,0.6000000238418579,2.569999933242798,5.139999866485596,6.690000057220459,,,,,,,,100.0,6.0,100.0,76.0,90.0,99.0,86.0,,100960.0,,,,67.0,70.0,68.0,64.0,61.0,60.0,46.0,35.0,24.0,,,,,3.0999999046325684,13.0,0.0,0.0,9.100000381469727,,3.0999999046325684,0.0,0.0,,,,,0.0,,,,,,,,,,0.0,0.0,289.54998779296875,,,,290.04998779296875,,289.6499938964844,6600.0,5.0,,65.0,65.0,82.0,,,64800.0,65.0,65.0,10.0,39.0,,65.0,81.0,,0.0,0.0,,74.0,86.0,,5.0,6.0,,,74.0,86.0,,,0.0,0.0,,6.0,30.0,,,6.0,6.0,
2021-07-13 04:00:00,212.0,2760.0,35.0,1.0299999713897705,100.0,0.699999988079071,0.699999988079071,2.569999933242798,5.139999866485596,6.690000057220459,,,,,,,,100.0,6.0,100.0,83.0,87.0,98.0,88.0,,100960.0,,,,70.0,68.0,65.0,61.0,58.0,54.0,44.0,27.0,23.0,,,,,2.4000000953674316,10.0,0.0,0.0,,,2.4000000953674316,0.0,,0.0,,,,0.0,,,,,,,,,,0.0,0.0,289.45001220703125,,,,290.1499938964844,,289.54998779296875,7500.0,6.0,,65.0,,,,,68400.0,65.0,,9.0,,,62.0,,,0.0,0.0,,71.0,85.0,,5.0,9.0,,,71.0,86.0,,,0.0,0.0,,1.0,,,,16.0,,
2021-07-13 05:00:00,214.0,2700.0,26.0,1.0299999713897705,110.0,0.699999988079071,0.699999988079071,3.0899999141693115,5.659999847412109,6.690000057220459,,,,,,,,100.0,5.0,100.0,91.0,91.0,99.0,90.0,,100970.0,,,,70.0,66.0,66.0,60.0,56.0,56.0,40.0,30.0,25.0,,,,,1.899999976158142,9.0,0.0,0.0,,,1.899999976158142,0.0,,1.0,,,,10.0,,,,,,,,,,0.0,0.0,289.3500061035156,,,,289.54998779296875,,289.1499938964844,8900.0,5.0,,65.0,,,,,72000.0,65.0,,11.0,,,63.0,,,0.0,0.0,,74.0,85.0,,1.0,13.0,,,74.0,86.0,,,0.0,0.0,,0.0,,,,23.0,,
2021-07-13 06:00:00,212.0,2820.0,23.0,1.0299999713897705,100.0,0.800000011920929,0.699999988079071,3.0899999141693115,6.170000076293945,7.199999809265137,5.0,0.0,0.0,9.260000228881836,21.0,4.0,0.0,100.0,8.0,100.0,98.0,92.0,99.0,92.0,,101010.0,96.0,42.0,2.0,67.0,71.0,68.0,60.0,59.0,58.0,34.0,17.0,11.0,84.0,80.0,75.0,57.0,2.4000000953674316,7.0,0.0,0.0,6.0,14.0,2.4000000953674316,0.0,0.0,2.0,22.700000762939453,23.0,31.0,30.0,98.0,93.0,84.0,76.0,91.0,84.0,75.0,72.0,17640.0,0.0,0.0,289.54998779296875,288.8500061035156,292.45001220703125,288.8500061035156,289.3500061035156,294.45001220703125,288.8500061035156,8500.0,4.0,66.0,65.0,65.0,65.0,,82.0,75600.0,65.0,65.0,10.0,25.0,55.0,62.0,82.0,87.0,0.0,0.0,0.0,72.0,85.0,91.0,0.0,12.0,,15.0,72.0,85.0,,91.0,0.0,0.0,0.0,0.0,11.0,,36.0,17.0,31.0,32.0
2021-07-13 07:00:00,213.0,2700.0,25.0,1.0299999713897705,100.0,1.0,0.800000011920929,3.5999999046325684,6.170000076293945,7.199999809265137,,,,,,,,100.0,9.0,100.0,98.0,92.0,99.0,91.0,,101030.0,,,,66.0,64.0,65.0,60.0,57.0,52.0,27.0,30.0,17.0,,,,,2.0,7.0,0.0,0.0,,,2.0,0.0,,3.0,,,,60.0,96.0,91.0,88.0,72.0,,,,,,0.0,0.0,289.54998779296875,,,,289.45001220703125,,288.54998779296875,11600.0,2.0,,65.0,,,,,79200.0,65.0,,9.0,,,62.0,,,0.0,0.0,,71.0,85.0,,0.0,12.0,,,71.0,85.0,,,0.0,0.0,,0.0,,,,19.0,,
2021-07-13 08:00:00,215.0,2340.0,25.0,1.0299999713897705,100.0,0.699999988079071,0.800000011920929,3.5999999046325684,6.690000057220459,7.71999979019165,,,,,,,,100.0,6.0,100.0,97.0,92.0,99.0,89.0,,101060.0,,,,70.0,69.0,62.0,58.0,50.0,45.0,26.0,19.0,17.0,,,,,2.0,6.0,0.0,0.0,,,2.0,0.0,,4.0,,,,110.0,,,,,,,,,,0.0,0.0,289.45001220703125,,,,289.3500061035156,,288.1499938964844,14700.0,1.0,,65.0,,,,,82800.0,65.0,,10.0,,,61.0,,,0.0,0.0,,71.0,84.0,,0.0,7.0,,,71.0,85.0,,,0.0,0.0,,0.0,,,,24.0,,
2021-07-13 09:00:00,216.0,2100.0,33.0,1.0299999713897705,100.0,1.2000000476837158,0.8999999761581421,4.119999885559082,7.199999809265137,8.229999542236328,,,,,,,,100.0,5.0,100.0,97.0,87.0,98.0,88.0,,101110.0,,,,65.0,63.0,50.0,50.0,38.0,37.0,22.0,16.0,4.0,,,,,1.2999999523162842,5.0,0.0,0.0,4.900000095367432,,1.2999999523162842,0.0,0.0,6.0,,,,210.0,,,,,,,,,,0.0,0.0,289.6499938964844,,,,289.8500061035156,,287.95001220703125,17500.0,0.0,,65.0,65.0,65.0,,,86400.0,65.0,65.0,11.0,34.0,,58.0,83.0,,0.0,0.0,,68.0,84.0,,0.0,5.0,,,68.0,84.0,,,0.0,0.0,,0.0,1.0,,,29.0,45.0,
2021-07-13 10:00:00,219.0,1860.0,35.0,1.5399999618530273,90.0,1.2999999523162842,1.0,4.119999885559082,7.199999809265137,7.199999809265137,,,,,,,,100.0,3.0,98.0,94.0,87.0,98.0,85.0,,101120.0,,,,61.0,57.0,52.0,45.0,41.0,37.0,25.0,20.0,6.0,,,,,1.0,3.0,0.0,0.0,,,1.0,0.0,,7.0,,,,280.0,,,,,,,,,,0.0,0.0,289.6499938964844,,,,289.95001220703125,,287.8500061035156,18600.0,0.0,,63.0,,,,,90000.0,63.0,,11.0,,,56.0,,,0.0,,,67.0,,,0.0,,,,67.0,,,,0.0,,,0.0,,,,28.0,,
2021-07-13 11:00:00,220.0,1740.0,31.0,1.5399999618530273,100.0,1.5,1.0,4.630000114440918,7.199999809265137,7.199999809265137,,,,,,,,100.0,1.0,100.0,91.0,84.0,98.0,87.0,,101150.0,,,,60.0,58.0,51.0,42.0,34.0,29.0,16.0,18.0,5.0,,,,,0.8999999761581421,2.0,0.0,0.0,,,0.8999999761581421,0.0,,9.0,,,,380.0,,,,,,,,,,0.0,0.0,289.75,,,,289.8500061035156,,287.75,19700.0,0.0,,63.0,,,,,93600.0,63.0,,16.0,,,55.0,,,0.0,,,70.0,,,0.0,,,,70.0,,,,0.0,,,1.0,,,,21.0,,
2021-07-13 12:00:00,222.0,1740.0,31.0,1.5399999618530273,100.0,1.600000023841858,0.699999988079071,4.119999885559082,7.71999979019165,8.75,18.0,0.0,0.0,,,,,100.0,0.0,99.0,88.0,85.0,98.0,83.0,,101170.0,,,,64.0,60.0,42.0,39.0,33.0,30.0,21.0,14.0,5.0,81.0,75.0,69.0,46.0,0.699999988079071,2.0,0.0,0.0,2.5,7.800000190734863,0.699999988079071,0.0,0.0,15.0,,,,650.0,,,,,,,,,,0.0,0.0,290.45001220703125,,,,290.25,,287.54998779296875,20300.0,0.0,60.0,95.0,95.0,95.0,95.0,95.0,97200.0,63.0,63.0,18.0,43.0,50.0,50.0,78.0,85.0,0.0,0.0,0.0,68.0,81.0,89.0,0.0,2.0,11.0,16.0,68.0,81.0,95.0,89.0,0.0,0.0,0.0,1.0,4.0,54.0,10.0,19.0,43.0,49.0
2021-07-13 13:00:00,218.0,1740.0,27.0,1.5399999618530273,100.0,1.7999999523162842,0.800000011920929,4.119999885559082,7.199999809265137,8.75,,,,,,,,99.0,0.0,98.0,85.0,81.0,93.0,64.0,,101170.0,,,,62.0,56.0,47.0,35.0,30.0,23.0,27.0,21.0,3.0,,,,,0.6000000238418579,1.0,0.0,0.0,,,0.6000000238418579,0.0,,18.0,,,,780.0,,,,,,,,,,0.0,0.0,290.95001220703125,,,,290.45001220703125,,287.45001220703125,21700.0,0.0,,61.0,,,,,100800.0,61.0,,21.0,,,43.0,,,0.0,0.0,,64.0,82.0,,0.0,2.0,,,64.0,82.0,,,0.0,0.0,,3.0,,,,12.0,,
2021-07-13 14:00:00,222.0,1740.0,41.0,1.0299999713897705,100.0,1.7999999523162842,0.800000011920929,3.5999999046325684,7.199999809265137,8.229999542236328,,,,,,,,98.0,0.0,93.0,81.0,78.0,88.0,44.0,,101150.0,,,,52.0,47.0,38.0,31.0,28.0,25.0,31.0,14.0,2.0,,,,,0.800000011920929,1.0,0.0,0.0,,,0.800000011920929,0.0,,19.0,,,,790.0,,,,,,,,,,0.0,0.0,291.45001220703125,,,,291.1499938964844,,287.3500061035156,25800.0,0.0,,82.0,,,,,104400.0,61.0,,21.0,,,42.0,,,0.0,0.0,,63.0,84.0,,0.0,2.0,,,63.0,84.0,,,0.0,0.0,,2.0,,,,13.0,,
2021-07-13 15:00:00,216.0,1560.0,42.0,1.5399999618530273,80.0,1.399999976158142,0.8999999761581421,3.5999999046325684,6.690000057220459,8.229999542236328,,,,,,,,95.0,0.0,92.0,78.0,71.0,79.0,26.0,,101160.0,,,,45.0,42.0,34.0,27.0,19.0,15.0,15.0,3.0,0.0,,,,,0.5,1.0,0.0,0.0,1.899999976158142,,0.5,0.0,0.0,25.0,,,,890.0,,,,,,,,,,240.0,0.0,292.04998779296875,,,,291.54998779296875,,287.1499938964844,28500.0,0.0,,61.0,82.0,95.0,,,108000.0,61.0,61.0,19.0,45.0,,40.0,73.0,,0.0,0.0,,59.0,86.0,,0.0,1.0,,,59.0,86.0,,,0.0,0.0,,2.0,5.0,,,10.0,30.0,
2021-07-13 16:00:00,209.0,1320.0,46.0,1.0299999713897705,100.0,1.399999976158142,0.8999999761581421,3.5999999046325684,6.690000057220459,7.71999979019165,,,,,,,,94.0,1.0,85.0,73.0,64.0,77.0,35.0,,101120.0,,,,37.0,28.0,24.0,18.0,15.0,12.0,8.0,3.0,2.0,,,,,0.5,1.0,0.0,0.0,,,0.5,0.0,,28.0,,,,840.0,,,,,,,,,,480.0,660.0,291.54998779296875,,,,291.75,,286.95001220703125,31800.0,0.0,,61.0,,,,,111600.0,61.0,,15.0,,,34.0,,,0.0,0.0,,49.0,84.0,,0.0,1.0,,,49.0,85.0,,,0.0,0.0,,2.0,,,,6.0,,
2021-07-13 17:00:00,205.0,960.0,36.0,1.0299999713897705,80.0,1.5,0.800000011920929,3.0899999141693115,6.170000076293945,7.71999979019165,,,,,,,,93.0,2.0,86.0,70.0,58.0,77.0,45.0,,101130.0,,,,27.0,22.0,18.0,16.0,13.0,12.0,6.0,3.0,1.0,,,,,0.4000000059604645,1.0,0.0,0.0,,,0.4000000059604645,0.0,,30.0,,,,660.0,,,,,,,,,,600.0,1320.0,291.25,,,,291.54998779296875,,286.95001220703125,30000.0,0.0,,61.0,,,,,115200.0,61.0,,13.0,,,26.0,,,0.0,0.0,,38.0,83.0,,0.0,1.0,,,38.0,85.0,,,0.0,0.0,,1.0,,,,4.0,,
2021-07-13 18:00:00,195.0,660.0,45.0,1.0299999713897705,80.0,1.399999976158142,0.6000000238418579,3.0899999141693115,5.659999847412109,7.199999809265137,14.0,0.0,0.0,9.260000228881836,24.0,0.0,0.0,92.0,2.0,83.0,68.0,54.0,74.0,44.0,,101160.0,,,,17.0,13.0,8.0,7.0,8.0,7.0,4.0,3.0,2.0,82.0,69.0,48.0,22.0,0.30000001192092896,1.0,0.0,0.0,1.2000000476837158,3.0999999046325684,0.30000001192092896,0.0,0.0,28.0,,10.899999618530273,,400.0,,,,,91.0,83.0,72.0,64.0,,360.0,2040.0,290.75,,,288.8500061035156,291.3500061035156,293.1499938964844,286.6499938964844,36600.0,0.0,86.0,61.0,61.0,82.0,,95.0,118800.0,61.0,61.0,14.0,48.0,69.0,23.0,62.0,82.0,0.0,0.0,0.0,37.0,82.0,91.0,0.0,1.0,,3.0,37.0,82.0,,91.0,0.0,0.0,0.0,1.0,6.0,,6.0,4.0,22.0,51.0
2021-07-13 19:00:00,185.0,600.0,48.0,1.0299999713897705,70.0,1.2000000476837158,0.6000000238418579,2.569999933242798,5.139999866485596,6.690000057220459,,,,,,,,93.0,1.0,83.0,64.0,49.0,79.0,59.0,,101180.0,,,,17.0,12.0,9.0,8.0,6.0,5.0,3.0,3.0,1.0,,,,,0.0,1.0,0.0,0.0,,,0.0,0.0,,25.0,,,,160.0,,,,,,,,,,240.0,1560.0,289.8500061035156,,,,290.6499938964844,,286.95001220703125,33300.0,0.0,,61.0,,,,,122400.0,3.0,,10.0,,,25.0,,,0.0,0.0,,35.0,77.0,,0.0,1.0,,,35.0,82.0,,,0.0,0.0,,1.0,,,,3.0,,
2021-07-13 20:00:00,182.0,600.0,29.0,1.0299999713897705,70.0,1.100000023841858,0.6000000238418579,2.569999933242798,4.630000114440918,6.170000076293945,,,,,,,,93.0,0.0,85.0,63.0,50.0,82.0,65.0,,101200.0,,,,16.0,12.0,9.0,7.0,5.0,4.0,2.0,2.0,1.0,,,,,0.0,1.0,0.0,0.0,,,0.0,0.0,,10.0,,,,10.0,,,,,,,,,,120.0,1140.0,288.8500061035156,,,,289.6499938964844,,287.25,29900.0,0.0,,3.0,,,,,126000.0,3.0,,8.0,,,23.0,,,0.0,0.0,,31.0,72.0,,1.0,1.0,,,31.0,79.0,,,0.0,0.0,,1.0,,,,2.0,,
2021-07-13 21:00:00,183.0,720.0,16.0,0.5099999904632568,70.0,1.100000023841858,0.6000000238418579,2.569999933242798,4.630000114440918,5.659999847412109,,,,,,,,92.0,1.0,82.0,65.0,42.0,78.0,62.0,,101230.0,,,,20.0,12.0,11.0,7.0,5.0,4.0,1.0,1.0,0.0,,,,,0.0,0.0,0.0,0.0,0.699999988079071,,0.0,0.0,0.0,,,,,0.0,,,,,,,,,,0.0,660.0,288.25,,,,289.1499938964844,,287.1499938964844,25700.0,0.0,,3.0,61.0,61.0,,,129600.0,3.0,61.0,6.0,36.0,,26.0,52.0,,0.0,0.0,,32.0,71.0,,0.0,2.0,,,32.0,71.0,,,0.0,0.0,,1.0,3.0,,,2.0,17.0,
2021-07-13 22:00:00,186.0,720.0,20.0,0.5099999904632568,80.0,1.0,0.6000000238418579,2.569999933242798,4.630000114440918,5.659999847412109,,,,,,,,91.0,1.0,83.0,54.0,42.0,80.0,66.0,,101260.0,,,,20.0,11.0,7.0,4.0,1.0,1.0,1.0,0.0,0.0,,,,,0.0,0.0,0.0,0.0,,,0.0,0.0,,,,,,0.0,,,,,,,,,,0.0,480.0,287.6499938964844,,,,288.75,,286.95001220703125,24800.0,0.0,,3.0,,,,,133200.0,3.0,,3.0,,,28.0,,,0.0,0.0,,32.0,64.0,,0.0,2.0,,,32.0,71.0,,,0.0,0.0,,1.0,,,,1.0,,
2021-07-13 23:00:00,188.0,660.0,22.0,1.0299999713897705,80.0,1.100000023841858,0.6000000238418579,2.569999933242798,4.630000114440918,6.170000076293945,,,,,,,,91.0,1.0,85.0,43.0,41.0,85.0,74.0,,101250.0,,,,19.0,7.0,3.0,3.0,3.0,1.0,0.0,0.0,0.0,,,,,0.0,0.0,0.0,0.0,,,0.0,0.0,,,,,,0.0,,,,,,,,,,0.0,240.0,287.54998779296875,,,,288.6499938964844,,286.8500061035156,24800.0,0.0,,3.0,,,,,136800.0,3.0,,4.0,,,27.0,,,0.0,0.0,,31.0,60.0,,0.0,2.0,,,31.0,66.0,,,0.0,0.0,,1.0,,,,1.0,,
2021-07-14 00:00:00,186.0,420.0,28.0,0.5099999904632568,70.0,1.0,0.699999988079071,2.569999933242798,4.630000114440918,6.170000076293945,1.0,0.0,0.0,,,,,89.0,1.0,86.0,35.0,37.0,83.0,73.0,,101260.0,,,,14.0,8.0,6.0,4.0,3.0,3.0,2.0,1.0,0.0,59.0,46.0,21.0,3.0,0.0,0.0,0.0,0.0,0.0,0.699999988079071,0.0,0.0,0.0,,,,,0.0,,,,,,,,,,0.0,0.0,287.3500061035156,,,,288.3500061035156,,286.54998779296875,26100.0,0.0,60.0,3.0,3.0,61.0,95.0,82.0,140400.0,3.0,3.0,2.0,19.0,58.0,25.0,51.0,74.0,0.0,0.0,0.0,27.0,58.0,89.0,1.0,2.0,18.0,3.0,27.0,58.0,98.0,90.0,0.0,0.0,0.0,1.0,2.0,16.0,6.0,0.0,8.0,23.0
2021-07-14 01:00:00,187.0,360.0,21.0,0.5099999904632568,80.0,1.0,0.699999988079071,2.569999933242798,4.630000114440918,5.659999847412109,,,,,,,,90.0,1.0,84.0,43.0,40.0,82.0,70.0,,101230.0,,,,15.0,8.0,8.0,4.0,3.0,2.0,0.0,1.0,1.0,,,,,0.0,0.0,0.0,0.0,,,0.0,0.0,,,,,,0.0,,,,,,,,,,0.0,0.0,287.1499938964844,,,,288.04998779296875,,286.3500061035156,25100.0,0.0,,3.0,,,,,144000.0,3.0,,2.0,,,27.0,,,0.0,0.0,,29.0,58.0,,0.0,2.0,,,29.0,62.0,,,0.0,0.0,,0.0,,,,0.0,,
2021-07-14 02:00:00,188.0,480.0,14.0,0.5099999904632568,70.0,1.0,0.699999988079071,2.569999933242798,4.630000114440918,5.659999847412109,,,,,,,,91.0,1.0,83.0,49.0,43.0,82.0,68.0,,101240.0,,,,21.0,12.0,7.0,4.0,4.0,2.0,2.0,1.0,0.0,,,,,0.0,0.0,0.0,0.0,,,0.0,0.0,,,,,,0.0,,,,,,,,,,0.0,0.0,286.75,,,,287.8500061035156,,286.25,21600.0,1.0,,3.0,,,,,147600.0,3.0,,1.0,,,28.0,,,0.0,0.0,,29.0,61.0,,1.0,2.0,,,29.0,62.0,,,0.0,0.0,,0.0,,,,0.0,,
2021-07-14 03:00:00,191.0,720.0,15.0,0.5099999904632568,60.0,0.8999999761581421,0.699999988079071,2.569999933242798,4.630000114440918,5.659999847412109,,,,,,,,91.0,2.0,82.0,59.0,37.0,79.0,67.0,,101190.0,,,,20.0,10.0,7.0,5.0,3.0,1.0,1.0,1.0,2.0,,,,,0.0,0.0,0.0,0.0,0.5,,0.0,0.0,0.0,,,,,0.0,,,,,,,,,,0.0,0.0,286.75,,,,287.6499938964844,,286.1499938964844,22100.0,1.0,,61.0,61.0,61.0,,,151200.0,3.0,61.0,1.0,5.0,,31.0,58.0,,0.0,0.0,,32.0,63.0,,1.0,2.0,,,32.0,63.0,,,0.0,0.0,,0.0,1.0,,,1.0,3.0,
2021-07-14 04:00:00,190.0,600.0,22.0,1.0299999713897705,70.0,1.100000023841858,0.800000011920929,2.569999933242798,5.139999866485596,5.659999847412109,,,,,,,,92.0,2.0,82.0,57.0,49.0,80.0,61.0,,101190.0,,,,22.0,13.0,11.0,7.0,5.0,4.0,1.0,0.0,0.0,,,,,0.0,0.0,0.0,0.0,,,0.0,0.0,,0.0,,,,0.0,,,,,,,,,,60.0,240.0,287.25,,,,287.95001220703125,,286.25,23500.0,0.0,,3.0,,,,,154800.0,3.0,,1.0,,,29.0,,,0.0,0.0,,30.0,63.0,,1.0,2.0,,,30.0,63.0,,,0.0,0.0,,0.0,,,,4.0,,
2021-07-14 05:00:00,190.0,600.0,20.0,1.0299999713897705,70.0,1.0,0.699999988079071,3.0899999141693115,5.659999847412109,6.170000076293945,,,,,,,,92.0,2.0,86.0,59.0,54.0,80.0,58.0,,101210.0,,,,20.0,13.0,11.0,9.0,6.0,4.0,2.0,1.0,0.0,,,,,0.0,0.0,0.0,0.0,,,0.0,0.0,,8.0,,,,50.0,,,,,,,,,,120.0,420.0,287.95001220703125,,,,288.45001220703125,,286.25,26600.0,0.0,,3.0,,,,,158400.0,3.0,,0.0,,,30.0,,,0.0,0.0,,30.0,64.0,,1.0,2.0,,,30.0,63.0,,,0.0,0.0,,0.0,,,,4.0,,
2021-07-14 06:00:00,192.0,600.0,9.0,1.0299999713897705,70.0,0.699999988079071,0.699999988079071,3.5999999046325684,6.170000076293945,6.170000076293945,3.0,0.0,0.0,7.199999809265137,4.0,0.0,0.0,91.0,2.0,87.0,59.0,62.0,78.0,42.0,2.5,101230.0,61.0,15.0,4.0,19.0,15.0,11.0,9.0,7.0,6.0,3.0,1.0,0.0,62.0,36.0,10.0,0.0,0.0,0.0,0.0,0.0,0.0,0.5,0.0,0.0,0.0,16.0,11.199999809265137,1.2000000476837158,3.0,230.0,96.0,91.0,81.0,67.0,69.0,55.0,21.0,5.0,1440.0,180.0,660.0,289.3500061035156,285.95001220703125,290.8500061035156,287.04998779296875,289.1499938964844,291.8500061035156,286.54998779296875,28400.0,0.0,60.0,3.0,3.0,61.0,,61.0,162000.0,3.0,3.0,1.0,4.0,20.0,28.0,63.0,75.0,0.0,0.0,0.0,30.0,64.0,78.0,0.0,3.0,,3.0,30.0,64.0,,78.0,0.0,0.0,0.0,0.0,1.0,,2.0,5.0,9.0,15.0
2021-07-14 07:00:00,196.0,600.0,10.0,1.0299999713897705,70.0,0.699999988079071,0.6000000238418579,4.119999885559082,6.690000057220459,6.690000057220459,,,,,,,,93.0,1.0,85.0,63.0,63.0,80.0,47.0,,101240.0,,,,19.0,16.0,14.0,10.0,11.0,7.0,10.0,1.0,0.0,,,,,0.0,0.0,0.0,0.0,,,0.0,0.0,,20.0,,,,440.0,95.0,89.0,86.0,70.0,,,,,,180.0,660.0,290.8500061035156,,,,289.75,,286.54998779296875,33700.0,0.0,,3.0,,,,,165600.0,3.0,,2.0,,,31.0,,,0.0,0.0,,34.0,65.0,,0.0,2.0,,,34.0,62.0,,,0.0,0.0,,0.0,,,,4.0,,
2021-07-14 08:00:00,197.0,900.0,9.0,1.0299999713897705,70.0,0.8999999761581421,0.699999988079071,4.630000114440918,7.71999979019165,7.71999979019165,,,,,,,,94.0,1.0,86.0,67.0,66.0,82.0,46.0,,101250.0,,,,22.0,17.0,16.0,13.0,10.0,11.0,3.0,2.0,1.0,,,,,0.0,0.0,0.0,0.0,,,0.0,0.0,,24.0,,,,720.0,,,,,,,,,,300.0,660.0,291.8500061035156,,,,290.54998779296875,,286.54998779296875,29400.0,0.0,,3.0,,,,,169200.0,3.0,,3.0,,,34.0,,,0.0,0.0,,37.0,66.0,,0.0,2.0,,,37.0,62.0,,,0.0,0.0,,0.0,,,,4.0,,
2021-07-14 09:00:00,199.0,660.0,10.0,1.0299999713897705,90.0,1.100000023841858,0.699999988079071,4.630000114440918,7.71999979019165,8.229999542236328,,,,,,,,96.0,0.0,90.0,75.0,68.0,85.0,52.0,,101270.0,,,,21.0,17.0,13.0,9.0,19.0,10.0,4.0,1.0,1.0,,,,,0.0,0.0,0.0,0.0,0.6000000238418579,,0.0,0.0,0.0,28.0,,,,1020.0,,,,,,,,,,300.0,660.0,293.04998779296875,,,,291.25,,286.8500061035156,30200.0,0.0,,61.0,61.0,61.0,,,172800.0,3.0,61.0,6.0,7.0,,33.0,57.0,,0.0,0.0,,39.0,64.0,,0.0,2.0,,,39.0,64.0,,,0.0,0.0,,0.0,1.0,,,5.0,10.0,
2021-07-14 10:00:00,204.0,960.0,22.0,1.0299999713897705,90.0,1.399999976158142,0.8999999761581421,4.630000114440918,7.71999979019165,8.75,,,,,,,,98.0,0.0,91.0,81.0,72.0,87.0,54.0,,101290.0,,,,32.0,22.0,12.0,10.0,9.0,8.0,2.0,1.0,1.0,,,,,0.4000000059604645,0.0,0.0,0.0,,,0.4000000059604645,0.0,,28.0,,,,1130.0,,,,,,,,,,240.0,300.0,293.75,,,,291.95001220703125,,287.04998779296875,31800.0,0.0,,61.0,,,,,176400.0,61.0,,9.0,,,39.0,,,0.0,0.0,,48.0,70.0,,0.0,1.0,,,48.0,67.0,,,0.0,0.0,,0.0,,,,6.0,,
2021-07-14 11:00:00,206.0,1020.0,22.0,1.0299999713897705,100.0,1.5,1.0,4.630000114440918,8.229999542236328,8.75,,,,,,,,99.0,0.0,92.0,86.0,74.0,90.0,60.0,,101310.0,,,,37.0,20.0,15.0,11.0,8.0,7.0,2.0,1.0,1.0,,,,,0.6000000238418579,0.0,0.0,0.0,,,0.6000000238418579,0.0,,28.0,,,,1220.0,,,,,,,,,,120.0,0.0,294.04998779296875,,,,292.8500061035156,,287.1499938964844,31600.0,0.0,,61.0,,,,,180000.0,61.0,,13.0,,,37.0,,,0.0,0.0,,50.0,73.0,,0.0,1.0,,,50.0,73.0,,,0.0,0.0,,0.0,,,,4.0,,
2021-07-14 12:00:00,206.0,1080.0,25.0,1.0299999713897705,100.0,1.5,0.800000011920929,4.630000114440918,8.229999542236328,9.260000228881836,12.0,0.0,0.0,,,,,99.0,0.0,97.0,92.0,75.0,93.0,72.0,,101310.0,,,,34.0,22.0,15.0,10.0,7.0,5.0,2.0,2.0,1.0,76.0,61.0,39.0,12.0,0.6000000238418579,1.0,0.0,0.0,1.0,1.600000023841858,0.6000000238418579,0.0,0.0,22.0,,,,960.0,,,,,,,,,,0.0,0.0,293.95001220703125,,,,293.04998779296875,,287.3500061035156,30800.0,0.0,60.0,61.0,61.0,61.0,82.0,61.0,183600.0,61.0,61.0,22.0,24.0,24.0,34.0,59.0,76.0,0.0,0.0,0.0,55.0,77.0,86.0,0.0,1.0,6.0,4.0,55.0,77.0,94.0,86.0,0.0,0.0,0.0,1.0,1.0,6.0,1.0,5.0,11.0,15.0
2021-07-14 13:00:00,210.0,1140.0,28.0,1.0299999713897705,110.0,1.7000000476837158,0.699999988079071,4.630000114440918,8.229999542236328,9.260000228881836,,,,,,,,100.0,0.0,96.0,94.0,73.0,94.0,77.0,,101320.0,,,,46.0,27.0,17.0,13.0,9.0,7.0,2.0,2.0,1.0,,,,,0.5,1.0,0.0,0.0,,,0.5,0.0,,21.0,,,,900.0,,,,,,,,,,0.0,0.0,293.54998779296875,,,,292.95001220703125,,287.3500061035156,34300.0,0.0,,81.0,,,,,187200.0,63.0,,27.0,,,33.0,,,0.0,0.0,,60.0,79.0,,0.0,1.0,,,60.0,81.0,,,0.0,0.0,,2.0,,,,3.0,,
2021-07-14 14:00:00,210.0,1140.0,29.0,1.5399999618530273,120.0,1.7999999523162842,0.699999988079071,4.630000114440918,8.229999542236328,9.770000457763672,,,,,,,,100.0,0.0,95.0,96.0,67.0,95.0,84.0,,101350.0,,,,47.0,34.0,20.0,15.0,10.0,9.0,4.0,3.0,2.0,,,,,0.4000000059604645,1.0,0.0,0.0,,,0.4000000059604645,0.0,,18.0,,,,730.0,,,,,,,,,,0.0,0.0,292.95001220703125,,,,292.95001220703125,,287.6499938964844,32000.0,0.0,,63.0,,,,,190800.0,63.0,,25.0,,,38.0,,,0.0,0.0,,63.0,82.0,,0.0,1.0,,,63.0,83.0,,,0.0,0.0,,2.0,,,,0.0,,
2021-07-14 15:00:00,207.0,1260.0,33.0,1.0299999713897705,120.0,1.2999999523162842,0.6000000238418579,4.630000114440918,8.229999542236328,9.770000457763672,,,,,,,,100.0,0.0,96.0,99.0,67.0,96.0,90.0,,101320.0,,,,49.0,34.0,22.0,26.0,20.0,16.0,6.0,7.0,4.0,,,,,0.6000000238418579,1.0,0.0,0.0,1.5,,0.6000000238418579,0.0,0.0,14.0,,,,510.0,,,,,,,,,,0.0,0.0,292.54998779296875,,,,292.6499938964844,,287.8500061035156,30000.0,0.0,,63.0,81.0,81.0,,,194400.0,63.0,63.0,27.0,47.0,,38.0,62.0,,0.0,0.0,,65.0,85.0,,0.0,1.0,,,66.0,85.0,,,0.0,0.0,,4.0,6.0,,,0.0,8.0,
2021-07-14 16:00:00,205.0,1380.0,36.0,1.5399999618530273,130.0,1.0,0.8999999761581421,4.630000114440918,8.229999542236328,9.770000457763672,,,,,,,,100.0,1.0,99.0,98.0,65.0,97.0,90.0,,101280.0,,,,61.0,57.0,51.0,43.0,40.0,26.0,15.0,9.0,3.0,,,,,1.2000000476837158,4.0,0.0,0.0,,,1.2000000476837158,0.0,,14.0,,,,420.0,,,,,,,,,,0.0,0.0,291.95001220703125,,,,292.1499938964844,,288.1499938964844,36400.0,0.0,,63.0,,,,,198000.0,63.0,,25.0,,,45.0,,,0.0,0.0,,69.0,84.0,,0.0,1.0,,,70.0,84.0,,,0.0,0.0,,5.0,,,,1.0,,
2021-07-14 17:00:00,203.0,1560.0,33.0,1.5399999618530273,160.0,0.8999999761581421,0.800000011920929,4.630000114440918,8.229999542236328,9.770000457763672,,,,,,,,100.0,2.0,100.0,96.0,71.0,95.0,84.0,,101360.0,,,,63.0,60.0,48.0,40.0,35.0,41.0,23.0,17.0,5.0,,,,,1.600000023841858,2.0,0.0,1.0,,,1.600000023841858,0.0,,12.0,,,,270.0,,,,,,,,,,0.0,0.0,291.3500061035156,,,,291.6499938964844,,288.45001220703125,27900.0,0.0,,63.0,,,,,201600.0,63.0,,26.0,,,43.0,,,0.0,0.0,,69.0,84.0,,0.0,1.0,,,69.0,84.0,,,0.0,0.0,,4.0,,,,1.0,,
2021-07-14 18:00:00,201.0,1740.0,36.0,1.5399999618530273,150.0,1.0,1.0,4.630000114440918,8.229999542236328,9.260000228881836,21.0,0.0,0.0,10.800000190734863,24.0,0.0,0.0,100.0,1.0,100.0,95.0,74.0,94.0,76.0,,101350.0,,,,59.0,56.0,53.0,50.0,45.0,42.0,25.0,18.0,10.0,82.0,78.0,68.0,44.0,2.200000047683716,4.0,0.0,1.0,5.0,6.5,2.200000047683716,0.0,0.0,9.0,,8.100000381469727,,130.0,,,,,89.0,83.0,71.0,50.0,,0.0,0.0,290.8500061035156,,,288.8500061035156,290.8500061035156,294.6499938964844,288.45001220703125,26500.0,0.0,86.0,82.0,82.0,82.0,,82.0,205200.0,63.0,82.0,28.0,60.0,66.0,40.0,66.0,77.0,0.0,0.0,0.0,68.0,83.0,89.0,0.0,1.0,,2.0,68.0,83.0,,89.0,0.0,0.0,0.0,3.0,11.0,,11.0,1.0,4.0,14.0
2021-07-14 19:00:00,198.0,1800.0,26.0,1.5399999618530273,150.0,1.0,1.2000000476837158,4.119999885559082,8.229999542236328,9.770000457763672,,,,,,,,100.0,1.0,100.0,92.0,74.0,95.0,79.0,,101370.0,,,,60.0,55.0,55.0,49.0,44.0,37.0,27.0,13.0,7.0,,,,,2.0,3.0,0.0,1.0,,,2.0,0.0,,13.0,,,,80.0,,,,,,,,,,0.0,0.0,290.8500061035156,,,,290.3500061035156,,288.1499938964844,25400.0,0.0,,82.0,,,,,208800.0,63.0,,26.0,,,44.0,,,0.0,0.0,,70.0,84.0,,0.0,1.0,,,70.0,84.0,,,0.0,0.0,,3.0,,,,1.0,,
2021-07-14 20:00:00,194.0,1920.0,16.0,1.0299999713897705,140.0,1.2999999523162842,1.2000000476837158,4.630000114440918,8.75,9.770000457763672,,,,,,,,99.0,0.0,99.0,89.0,71.0,95.0,83.0,,101370.0,,,,61.0,58.0,52.0,46.0,45.0,43.0,24.0,19.0,12.0,,,,,1.7999999523162842,8.0,0.0,1.0,,,1.7999999523162842,0.0,,7.0,,,,10.0,,,,,,,,,,0.0,0.0,290.45001220703125,,,,290.6499938964844,,288.25,23500.0,0.0,,63.0,,,,,212400.0,63.0,,25.0,,,47.0,,,0.0,0.0,,72.0,83.0,,1.0,2.0,,,72.0,84.0,,,0.0,0.0,,2.0,,,,1.0,,
2021-07-14 21:00:00,194.0,1920.0,5.0,1.5399999618530273,70.0,0.8999999761581421,0.800000011920929,5.659999847412109,9.260000228881836,10.289999961853027,,,,,,,,99.0,0.0,99.0,86.0,72.0,96.0,85.0,,101400.0,,,,64.0,51.0,44.0,39.0,28.0,29.0,20.0,21.0,7.0,,,,,1.7000000476837158,3.0,0.0,1.0,5.5,,1.7000000476837158,0.0,0.0,,,,,0.0,,,,,,,,,,0.0,0.0,290.1499938964844,,,,290.45001220703125,,288.04998779296875,20800.0,1.0,,65.0,82.0,82.0,,,216000.0,65.0,63.0,21.0,58.0,,51.0,62.0,,0.0,0.0,,72.0,84.0,,0.0,2.0,,,72.0,84.0,,,0.0,0.0,,3.0,11.0,,,1.0,3.0,
2021-07-14 22:00:00,196.0,1920.0,5.0,1.5399999618530273,150.0,0.8999999761581421,1.0,5.659999847412109,8.75,10.800000190734863,,,,,,,,100.0,0.0,100.0,88.0,73.0,96.0,87.0,,101290.0,,,,64.0,63.0,57.0,46.0,36.0,35.0,29.0,28.0,13.0,,,,,1.399999976158142,8.0,0.0,2.0,,,1.399999976158142,0.0,,,,,,0.0,,,,,,,,,,0.0,0.0,290.3500061035156,,,,290.54998779296875,,288.04998779296875,18400.0,0.0,,63.0,,,,,219600.0,63.0,,18.0,,,55.0,,,0.0,0.0,,74.0,82.0,,0.0,2.0,,,74.0,83.0,,,0.0,0.0,,4.0,,,,0.0,,
2021-07-14 23:00:00,193.0,1920.0,5.0,1.5399999618530273,160.0,0.699999988079071,0.8999999761581421,5.659999847412109,9.260000228881836,11.319999694824219,,,,,,,,100.0,0.0,100.0,91.0,75.0,97.0,88.0,,101280.0,,,,64.0,60.0,51.0,43.0,39.0,35.0,30.0,22.0,16.0,,,,,0.8999999761581421,6.0,0.0,0.0,,,0.8999999761581421,0.0,,,,,,0.0,,,,,,,,,,0.0,0.0,290.6499938964844,,,,290.3500061035156,,288.25,17100.0,0.0,,63.0,,,,,223200.0,63.0,,11.0,,,57.0,,,0.0,0.0,,68.0,80.0,,0.0,2.0,,,68.0,81.0,,,0.0,0.0,,4.0,,,,0.0,,
2021-07-15 00:00:00,194.0,1680.0,5.0,1.5399999618530273,180.0,0.699999988079071,1.0,5.139999866485596,9.770000457763672,11.319999694824219,48.0,3.0,0.0,,,,,100.0,1.0,100.0,93.0,77.0,98.0,90.0,,101220.0,,,,59.0,59.0,50.0,47.0,45.0,38.0,33.0,19.0,10.0,79.0,77.0,74.0,61.0,1.2999999523162842,7.0,0.0,0.0,3.5999999046325684,9.100000381469727,1.2999999523162842,0.0,0.0,,,,,0.0,,,,,,,,,,0.0,0.0,290.45001220703125,,,,291.04998779296875,,288.3500061035156,18900.0,0.0,66.0,63.0,63.0,82.0,82.0,82.0,226800.0,63.0,63.0,9.0,44.0,70.0,57.0,68.0,74.0,0.0,0.0,0.0,66.0,79.0,89.0,1.0,2.0,7.0,3.0,66.0,79.0,97.0,89.0,0.0,0.0,0.0,3.0,8.0,15.0,14.0,0.0,3.0,7.0
2021-07-15 01:00:00,194.0,1500.0,9.0,1.5399999618530273,180.0,0.8999999761581421,0.8999999761581421,5.139999866485596,9.770000457763672,10.800000190734863,,,,,,,,99.0,1.0,99.0,82.0,81.0,96.0,81.0,,101150.0,,,,53.0,53.0,48.0,42.0,38.0,35.0,34.0,20.0,7.0,,,,,1.7000000476837158,5.0,0.0,0.0,,,1.7000000476837158,0.0,,,,,,0.0,,,,,,,,,,0.0,0.0,290.54998779296875,,,,290.95001220703125,,288.45001220703125,22800.0,0.0,,63.0,,,,,230400.0,63.0,,7.0,,,56.0,,,0.0,0.0,,63.0,79.0,,1.0,1.0,,,63.0,80.0,,,0.0,0.0,,2.0,,,,0.0,,
2021-07-15 02:00:00,193.0,1440.0,5.0,1.0299999713897705,170.0,1.0,1.0,5.139999866485596,9.260000228881836,9.770000457763672,,,,,,,,99.0,2.0,99.0,72.0,83.0,95.0,72.0,,101090.0,,,,52.0,52.0,49.0,46.0,42.0,39.0,31.0,24.0,11.0,,,,,1.5,4.0,0.0,0.0,,,1.5,0.0,,,,,,0.0,,,,,,,,,,0.0,0.0,290.45001220703125,,,,291.3500061035156,,288.75,21600.0,0.0,,63.0,,,,,234000.0,63.0,,5.0,,,55.0,,,0.0,0.0,,59.0,79.0,,1.0,1.0,,,59.0,80.0,,,0.0,0.0,,1.0,,,,0.0,,
2021-07-15 03:00:00,199.0,1920.0,5.0,1.0299999713897705,180.0,0.8999999761581421,0.8999999761581421,4.630000114440918,8.75,9.260000228881836,,,,,,,,97.0,2.0,97.0,62.0,81.0,93.0,65.0,,101110.0,,,,60.0,57.0,44.0,42.0,45.0,42.0,25.0,15.0,5.0,,,,,1.5,4.0,0.0,0.0,4.800000190734863,,1.5,0.0,0.0,,,,,0.0,,,,,,,,,,0.0,0.0,290.54998779296875,,,,291.04998779296875,,288.95001220703125,22900.0,0.0,,63.0,63.0,63.0,,,237600.0,63.0,63.0,5.0,28.0,,52.0,71.0,,0.0,0.0,,57.0,80.0,,1.0,1.0,,,57.0,80.0,,,0.0,0.0,,1.0,7.0,,,2.0,2.0,
2021-07-15 04:00:00,200.0,1680.0,11.0,1.5399999618530273,190.0,0.800000011920929,1.0,4.630000114440918,8.75,9.260000228881836,,,,,,,,96.0,1.0,96.0,51.0,85.0,93.0,51.0,,101060.0,,,,58.0,58.0,51.0,47.0,37.0,33.0,21.0,8.0,6.0,,,,,0.8999999761581421,4.0,0.0,0.0,,,0.8999999761581421,0.0,,0.0,,,,0.0,,,,,,,,,,0.0,0.0,290.3500061035156,,,,291.04998779296875,,288.95001220703125,20600.0,0.0,,63.0,,,,,241200.0,63.0,,10.0,,,51.0,,,0.0,0.0,,60.0,79.0,,1.0,1.0,,,60.0,80.0,,,0.0,0.0,,1.0,,,,4.0,,
2021-07-15 05:00:00,203.0,1380.0,25.0,1.5399999618530273,200.0,0.800000011920929,0.800000011920929,4.630000114440918,8.229999542236328,8.75,,,,,,,,94.0,3.0,94.0,42.0,82.0,90.0,47.0,,101080.0,,,,58.0,51.0,46.0,41.0,34.0,27.0,11.0,7.0,1.0,,,,,0.6000000238418579,1.0,0.0,0.0,,,0.6000000238418579,0.0,,2.0,,,,20.0,,,,,,,,,,0.0,0.0,290.1499938964844,,,,290.95001220703125,,288.75,17200.0,0.0,,63.0,,,,,244800.0,63.0,,10.0,,,52.0,,,0.0,0.0,,61.0,79.0,,0.0,1.0,,,61.0,80.0,,,0.0,0.0,,1.0,,,,6.0,,
2021-07-15 06:00:00,206.0,1320.0,5.0,1.5399999618530273,200.0,0.699999988079071,0.699999988079071,4.630000114440918,7.71999979019165,8.75,43.0,0.0,0.0,12.350000381469727,59.0,0.0,0.0,92.0,4.0,92.0,33.0,82.0,89.0,38.0,3.200000047683716,101080.0,39.0,16.0,5.0,58.0,52.0,44.0,34.0,28.0,20.0,17.0,9.0,2.0,79.0,75.0,66.0,61.0,0.5,1.0,0.0,0.0,2.0,6.699999809265137,0.5,0.0,0.0,8.0,23.899999618530273,15.800000190734863,0.0,120.0,94.0,90.0,82.0,75.0,85.0,78.0,74.0,71.0,0.0,0.0,0.0,290.25,289.54998779296875,290.3500061035156,289.8500061035156,290.6499938964844,291.8500061035156,288.8500061035156,18300.0,0.0,66.0,63.0,63.0,63.0,,82.0,248400.0,63.0,63.0,10.0,20.0,52.0,50.0,65.0,80.0,0.0,0.0,0.0,59.0,79.0,84.0,0.0,2.0,,3.0,59.0,79.0,,84.0,0.0,0.0,0.0,0.0,2.0,,8.0,8.0,13.0,16.0
2021-07-15 07:00:00,204.0,1260.0,14.0,1.5399999618530273,170.0,1.0,0.800000011920929,4.630000114440918,8.229999542236328,8.75,,,,,,,,93.0,3.0,93.0,30.0,82.0,90.0,45.0,,101150.0,,,,58.0,52.0,48.0,37.0,35.0,29.0,8.0,5.0,2.0,,,,,0.699999988079071,1.0,0.0,0.0,,,0.699999988079071,0.0,,4.0,,,,90.0,94.0,90.0,86.0,76.0,,,,,,0.0,0.0,290.6499938964844,,,,290.8500061035156,,289.1499938964844,16400.0,0.0,,61.0,,,,,252000.0,61.0,,12.0,,,46.0,,,0.0,0.0,,58.0,78.0,,0.0,1.0,,,58.0,79.0,,,0.0,0.0,,0.0,,,,7.0,,
2021-07-15 08:00:00,209.0,1140.0,14.0,1.0299999713897705,180.0,0.8999999761581421,0.800000011920929,4.630000114440918,8.229999542236328,8.75,,,,,,,,95.0,1.0,95.0,27.0,88.0,93.0,45.0,,101170.0,,,,56.0,55.0,50.0,48.0,44.0,32.0,10.0,3.0,1.0,,,,,0.5,0.0,0.0,0.0,,,0.5,0.0,,7.0,,,,200.0,,,,,,,,,,0.0,0.0,291.1499938964844,,,,290.6499938964844,,289.25,16400.0,0.0,,61.0,,,,,255600.0,61.0,,12.0,,,45.0,,,0.0,0.0,,57.0,77.0,,0.0,1.0,,,57.0,78.0,,,0.0,0.0,,0.0,,,,7.0,,
2021-07-15 09:00:00,209.0,1020.0,30.0,1.5399999618530273,200.0,1.2000000476837158,0.8999999761581421,4.119999885559082,7.199999809265137,8.75,,,,,,,,94.0,1.0,94.0,26.0,84.0,92.0,49.0,,101200.0,,,,44.0,46.0,44.0,36.0,25.0,31.0,15.0,5.0,1.0,,,,,0.4000000059604645,1.0,0.0,0.0,1.600000023841858,,0.4000000059604645,0.0,0.0,8.0,,,,280.0,,,,,,,,,,0.0,0.0,292.3500061035156,,,,290.75,,289.8500061035156,22700.0,0.0,,61.0,61.0,63.0,,,259200.0,61.0,61.0,15.0,19.0,,44.0,65.0,,0.0,0.0,,59.0,76.0,,0.0,1.0,,,59.0,76.0,,,0.0,0.0,,0.0,1.0,,,6.0,18.0,
2021-07-15 10:00:00,216.0,1260.0,36.0,1.0299999713897705,180.0,1.399999976158142,0.800000011920929,4.119999885559082,7.199999809265137,8.229999542236328,,,,,,,,95.0,0.0,95.0,23.0,84.0,93.0,56.0,,101220.0,,,,47.0,36.0,32.0,17.0,29.0,29.0,9.0,10.0,2.0,,,,,0.20000000298023224,1.0,0.0,0.0,,,0.20000000298023224,0.0,,13.0,,,,510.0,,,,,,,,,,0.0,0.0,292.45001220703125,,,,291.04998779296875,,289.8500061035156,13400.0,0.0,,61.0,,,,,262800.0,61.0,,20.0,,,40.0,,,0.0,0.0,,60.0,76.0,,0.0,1.0,,,60.0,78.0,,,0.0,0.0,,0.0,,,,5.0,,
2021-07-15 11:00:00,217.0,1200.0,34.0,1.0299999713897705,180.0,1.600000023841858,0.699999988079071,3.5999999046325684,6.690000057220459,7.71999979019165,,,,,,,,94.0,0.0,94.0,22.0,82.0,93.0,59.0,,101270.0,,,,56.0,47.0,41.0,33.0,31.0,30.0,11.0,4.0,6.0,,,,,0.6000000238418579,2.0,0.0,0.0,,,0.6000000238418579,0.0,,14.0,,,,620.0,,,,,,,,,,0.0,0.0,292.95001220703125,,,,291.75,,290.1499938964844,19800.0,0.0,,61.0,,,,,266400.0,61.0,,23.0,,,35.0,,,0.0,0.0,,58.0,76.0,,0.0,1.0,,,58.0,79.0,,,0.0,0.0,,0.0,,,,3.0,,
2021-07-15 12:00:00,223.0,960.0,41.0,1.0299999713897705,170.0,1.7000000476837158,1.0,3.5999999046325684,6.690000057220459,7.71999979019165,13.0,0.0,0.0,,,,,93.0,0.0,89.0,17.0,78.0,89.0,59.0,,101300.0,,,,49.0,37.0,32.0,18.0,15.0,20.0,6.0,5.0,2.0,77.0,76.0,61.0,32.0,0.4000000059604645,1.0,0.0,0.0,1.2000000476837158,2.9000000953674316,0.4000000059604645,0.0,0.0,18.0,,,,830.0,,,,,,,,,,0.0,0.0,293.3500061035156,,,,292.75,,289.95001220703125,20900.0,0.0,66.0,61.0,61.0,61.0,82.0,63.0,270000.0,61.0,61.0,29.0,32.0,32.0,30.0,58.0,77.0,0.0,0.0,0.0,59.0,78.0,85.0,0.0,1.0,6.0,3.0,59.0,78.0,92.0,85.0,0.0,0.0,0.0,1.0,1.0,16.0,3.0,2.0,18.0,23.0
2021-07-15 13:00:00,227.0,1200.0,42.0,1.0299999713897705,170.0,1.7999999523162842,1.0,3.5999999046325684,6.690000057220459,7.71999979019165,,,,,,,,91.0,0.0,88.0,21.0,77.0,88.0,49.0,,101310.0,,,,48.0,44.0,38.0,24.0,20.0,22.0,7.0,7.0,1.0,,,,,0.8999999761581421,1.0,0.0,0.0,,,0.8999999761581421,0.0,,20.0,,,,870.0,,,,,,,,,,0.0,0.0,293.6499938964844,,,,293.1499938964844,,290.3500061035156,25100.0,0.0,,81.0,,,,,273600.0,81.0,,34.0,,,19.0,,,0.0,0.0,,53.0,78.0,,0.0,2.0,,,53.0,81.0,,,0.0,0.0,,4.0,,,,2.0,,
2021-07-15 14:00:00,231.0,1080.0,34.0,1.0299999713897705,170.0,2.0999999046325684,1.0,3.0899999141693115,6.690000057220459,7.71999979019165,,,,,,,,89.0,0.0,84.0,26.0,73.0,84.0,44.0,,101320.0,,,,35.0,30.0,22.0,16.0,19.0,22.0,11.0,7.0,1.0,,,,,0.699999988079071,1.0,0.0,0.0,,,0.699999988079071,0.0,,23.0,,,,950.0,,,,,,,,,,0.0,420.0,293.45001220703125,,,,293.8500061035156,,290.1499938964844,23700.0,0.0,,81.0,,,,,277200.0,81.0,,41.0,,,15.0,,,0.0,0.0,,56.0,80.0,,0.0,2.0,,,56.0,82.0,,,0.0,0.0,,5.0,,,,1.0,,
2021-07-15 15:00:00,232.0,1020.0,41.0,1.0299999713897705,180.0,2.200000047683716,1.100000023841858,3.0899999141693115,6.170000076293945,7.71999979019165,,,,,,,,87.0,0.0,84.0,30.0,66.0,81.0,44.0,,101350.0,,,,42.0,33.0,21.0,19.0,21.0,21.0,11.0,8.0,2.0,,,,,0.5,1.0,0.0,0.0,2.0999999046325684,,0.5,0.0,0.0,23.0,,,,810.0,,,,,,,,,,180.0,960.0,293.3500061035156,,,,293.54998779296875,,290.1499938964844,22800.0,0.0,,81.0,81.0,81.0,,,280800.0,81.0,81.0,37.0,51.0,,17.0,48.0,,0.0,0.0,,53.0,82.0,,0.0,1.0,,,53.0,82.0,,,0.0,0.0,,5.0,9.0,,,1.0,8.0,
2021-07-15 16:00:00,227.0,960.0,57.0,1.0299999713897705,180.0,2.0,1.0,3.0899999141693115,6.170000076293945,7.71999979019165,,,,,,,,86.0,0.0,84.0,36.0,60.0,79.0,47.0,,101350.0,,,,40.0,35.0,22.0,21.0,20.0,18.0,9.0,5.0,2.0,,,,,0.6000000238418579,1.0,0.0,0.0,,,0.6000000238418579,0.0,,23.0,,,,680.0,,,,,,,,,,360.0,1140.0,293.25,,,,293.25,,290.3500061035156,25900.0,0.0,,82.0,,,,,284400.0,81.0,,35.0,,,15.0,,,0.0,0.0,,50.0,80.0,,0.0,2.0,,,50.0,81.0,,,0.0,0.0,,8.0,,,,1.0,,
2021-07-15 17:00:00,220.0,840.0,49.0,1.0299999713897705,180.0,2.0999999046325684,1.2999999523162842,3.0899999141693115,5.659999847412109,7.199999809265137,,,,,,,,87.0,0.0,85.0,44.0,60.0,77.0,43.0,,101380.0,,,,41.0,29.0,24.0,19.0,17.0,11.0,6.0,4.0,1.0,,,,,0.8999999761581421,1.0,0.0,0.0,,,0.8999999761581421,0.0,,27.0,,,,580.0,,,,,,,,,,240.0,1380.0,292.8500061035156,,,,292.8500061035156,,290.45001220703125,23100.0,0.0,,80.0,,,,,288000.0,80.0,,31.0,,,18.0,,,0.0,0.0,,50.0,79.0,,0.0,1.0,,,50.0,80.0,,,0.0,0.0,,7.0,,,,1.0,,
2021-07-15 18:00:00,223.0,900.0,67.0,1.0299999713897705,180.0,1.7999999523162842,1.100000023841858,3.0899999141693115,5.659999847412109,7.199999809265137,8.0,0.0,0.0,9.770000457763672,22.0,1.0,0.0,87.0,0.0,86.0,45.0,56.0,76.0,46.0,,101410.0,,,,44.0,28.0,20.0,15.0,12.0,11.0,8.0,5.0,3.0,77.0,68.0,44.0,17.0,0.800000011920929,1.0,0.0,0.0,2.200000047683716,4.400000095367432,0.800000011920929,0.0,0.0,22.0,,7.199999809265137,,310.0,,,,,87.0,81.0,68.0,44.0,,360.0,1620.0,292.75,,,290.3500061035156,292.8500061035156,295.45001220703125,290.54998779296875,19800.0,0.0,88.0,80.0,82.0,82.0,,82.0,291600.0,80.0,82.0,32.0,56.0,60.0,16.0,34.0,69.0,0.0,0.0,0.0,48.0,79.0,87.0,0.0,1.0,,2.0,48.0,79.0,,87.0,0.0,0.0,0.0,10.0,23.0,,25.0,1.0,5.0,18.0
2021-07-15 19:00:00,194.0,960.0,56.0,1.0299999713897705,190.0,1.5,0.8999999761581421,2.569999933242798,5.139999866485596,7.199999809265137,,,,,,,,86.0,1.0,85.0,43.0,60.0,76.0,40.0,,101470.0,,,,39.0,23.0,18.0,14.0,12.0,17.0,11.0,5.0,5.0,,,,,0.699999988079071,1.0,0.0,0.0,,,0.699999988079071,0.0,,20.0,,,,120.0,,,,,,,,,,240.0,1260.0,292.95001220703125,,,,292.75,,290.54998779296875,20600.0,0.0,,95.0,,,,,295200.0,80.0,,33.0,,,14.0,,,0.0,0.0,,47.0,77.0,,0.0,1.0,,,47.0,78.0,,,0.0,0.0,,11.0,,,,0.0,,
2021-07-15 20:00:00,191.0,780.0,41.0,1.0299999713897705,180.0,1.100000023841858,1.0,2.569999933242798,5.139999866485596,6.690000057220459,,,,,,,,86.0,0.0,85.0,40.0,58.0,77.0,46.0,,101500.0,,,,30.0,20.0,18.0,13.0,11.0,10.0,9.0,4.0,4.0,,,,,0.5,1.0,0.0,0.0,,,0.5,0.0,,10.0,,,,10.0,,,,,,,,,,120.0,900.0,292.25,,,,292.1499938964844,,290.45001220703125,15500.0,1.0,,80.0,,,,,298800.0,80.0,,32.0,,,12.0,,,0.0,0.0,,44.0,76.0,,1.0,2.0,,,44.0,78.0,,,0.0,0.0,,11.0,,,,1.0,,
2021-07-15 21:00:00,184.0,960.0,49.0,0.5099999904632568,170.0,0.6000000238418579,0.800000011920929,2.059999942779541,5.139999866485596,6.170000076293945,,,,,,,,84.0,0.0,78.0,37.0,56.0,75.0,42.0,,101530.0,,,,27.0,20.0,19.0,11.0,9.0,8.0,5.0,4.0,3.0,,,,,0.8999999761581421,1.0,0.0,0.0,2.0999999046325684,,0.8999999761581421,0.0,0.0,,,,,0.0,,,,,,,,,,0.0,540.0,291.54998779296875,,,,291.75,,290.45001220703125,13200.0,1.0,,81.0,95.0,95.0,,,302400.0,81.0,95.0,28.0,52.0,,12.0,40.0,,0.0,0.0,,40.0,76.0,,0.0,2.0,,,40.0,76.0,,,0.0,0.0,,10.0,31.0,,,1.0,2.0,
2021-07-15 22:00:00,193.0,840.0,45.0,1.0299999713897705,180.0,0.6000000238418579,0.8999999761581421,2.059999942779541,4.630000114440918,5.659999847412109,,,,,,,,82.0,0.0,76.0,33.0,54.0,73.0,41.0,,101560.0,,,,30.0,23.0,19.0,12.0,10.0,9.0,6.0,5.0,2.0,,,,,1.600000023841858,2.0,0.0,0.0,,,1.600000023841858,0.0,,,,,,0.0,,,,,,,,,,0.0,360.0,290.6499938964844,,,,291.04998779296875,,290.3500061035156,10800.0,1.0,,80.0,,,,,306000.0,80.0,,21.0,,,20.0,,,0.0,0.0,,41.0,73.0,,0.0,2.0,,,41.0,77.0,,,0.0,0.0,,7.0,,,,0.0,,
2021-07-15 23:00:00,190.0,780.0,44.0,1.0299999713897705,180.0,0.5,0.8999999761581421,2.059999942779541,4.119999885559082,5.659999847412109,,,,,,,,80.0,1.0,75.0,26.0,58.0,73.0,35.0,,101590.0,,,,26.0,19.0,11.0,10.0,10.0,8.0,7.0,5.0,2.0,,,,,1.2000000476837158,1.0,0.0,0.0,,,1.2000000476837158,0.0,,,,,,0.0,,,,,,,,,,0.0,180.0,289.8500061035156,,,,290.54998779296875,,290.1499938964844,8900.0,2.0,,61.0,,,,,309600.0,61.0,,11.0,,,25.0,,,0.0,0.0,,36.0,71.0,,1.0,2.0,,,36.0,76.0,,,0.0,0.0,,6.0,,,,0.0,,
2021-07-16 00:00:00,195.0,900.0,57.0,1.0299999713897705,180.0,0.5,1.0,2.059999942779541,3.5999999046325684,5.139999866485596,2.0,1.0,0.0,,,,,77.0,1.0,72.0,22.0,61.0,71.0,24.0,,101640.0,,,,24.0,19.0,16.0,12.0,10.0,9.0,8.0,3.0,2.0,71.0,58.0,50.0,34.0,1.2000000476837158,1.0,0.0,0.0,4.0,6.099999904632568,1.2000000476837158,0.0,0.0,,,,,0.0,,,,,,,,,,0.0,0.0,289.45001220703125,,,,290.45001220703125,,289.75,8100.0,4.0,60.0,61.0,80.0,95.0,95.0,95.0,313200.0,61.0,61.0,7.0,43.0,61.0,23.0,41.0,65.0,0.0,0.0,0.0,30.0,71.0,83.0,1.0,2.0,6.0,3.0,30.0,71.0,94.0,83.0,0.0,0.0,0.0,5.0,25.0,37.0,35.0,0.0,2.0,7.0
2021-07-16 01:00:00,193.0,780.0,67.0,1.0299999713897705,170.0,0.5,1.0,1.5399999618530273,3.0899999141693115,4.630000114440918,,,,,,,,75.0,1.0,71.0,22.0,60.0,68.0,20.0,,101660.0,,,,20.0,14.0,10.0,7.0,6.0,6.0,4.0,2.0,1.0,,,,,0.0,0.0,0.0,0.0,,,0.0,0.0,,,,,,0.0,,,,,,,,,,0.0,0.0,289.04998779296875,,,,289.95001220703125,,289.6499938964844,7300.0,2.0,,61.0,,,,,316800.0,61.0,,7.0,,,22.0,,,0.0,0.0,,29.0,67.0,,1.0,4.0,,,29.0,71.0,,,0.0,0.0,,3.0,,,,1.0,,
2021-07-16 02:00:00,196.0,780.0,57.0,1.0299999713897705,180.0,0.800000011920929,0.8999999761581421,1.5399999618530273,3.0899999141693115,4.630000114440918,,,,,,,,74.0,4.0,70.0,21.0,58.0,67.0,23.0,,101690.0,,,,18.0,15.0,10.0,7.0,4.0,4.0,2.0,0.0,0.0,,,,,0.0,0.0,0.0,0.0,,,0.0,0.0,,,,,,0.0,,,,,,,,,,0.0,0.0,288.75,,,,289.6499938964844,,289.3500061035156,5500.0,3.0,,61.0,,,,,320400.0,61.0,,6.0,,,23.0,,,0.0,0.0,,29.0,65.0,,1.0,7.0,,,29.0,68.0,,,0.0,0.0,,2.0,,,,1.0,,
2021-07-16 03:00:00,188.0,1080.0,63.0,0.5099999904632568,170.0,0.699999988079071,1.0,1.5399999618530273,3.5999999046325684,4.119999885559082,,,,,,,,75.0,6.0,73.0,16.0,64.0,71.0,19.0,,101710.0,,,,20.0,18.0,10.0,8.0,7.0,7.0,2.0,1.0,0.0,,,,,0.0,0.0,0.0,0.0,0.0,,0.0,0.0,0.0,,,,,0.0,,,,,,,,,,0.0,0.0,288.6499938964844,,,,289.6499938964844,,289.04998779296875,4600.0,5.0,,3.0,61.0,80.0,,,324000.0,3.0,61.0,3.0,21.0,,25.0,43.0,,0.0,0.0,,28.0,64.0,,6.0,9.0,,,28.0,64.0,,,0.0,0.0,,1.0,12.0,,,1.0,2.0,
2021-07-16 04:00:00,200.0,840.0,80.0,0.5099999904632568,140.0,1.2000000476837158,0.8999999761581421,1.5399999618530273,3.0899999141693115,4.119999885559082,,,,,,,,74.0,7.0,72.0,15.0,62.0,69.0,19.0,,101740.0,,,,20.0,16.0,12.0,6.0,5.0,5.0,2.0,2.0,0.0,,,,,0.0,0.0,0.0,0.0,,,0.0,0.0,,0.0,,,,0.0,,,,,,,,,,180.0,420.0,289.25,,,,289.8500061035156,,288.95001220703125,4700.0,3.0,,3.0,,,,,327600.0,3.0,,3.0,,,20.0,,,0.0,0.0,,23.0,60.0,,4.0,10.0,,,23.0,60.0,,,0.0,0.0,,1.0,,,,1.0,,
2021-07-16 05:00:00,218.0,780.0,76.0,1.0299999713897705,140.0,1.100000023841858,0.800000011920929,1.5399999618530273,3.0899999141693115,3.5999999046325684,,,,,,,,71.0,7.0,69.0,13.0,52.0,67.0,31.0,,101780.0,,,,13.0,12.0,6.0,4.0,5.0,2.0,1.0,1.0,0.0,,,,,0.0,0.0,0.0,0.0,,,0.0,0.0,,9.0,,,,60.0,,,,,,,,,,480.0,900.0,289.95001220703125,,,,290.1499938964844,,289.1499938964844,5100.0,2.0,,3.0,,,,,331200.0,3.0,,1.0,,,17.0,,,0.0,0.0,,18.0,56.0,,2.0,11.0,,,18.0,55.0,,,0.0,0.0,,0.0,,,,1.0,,
2021-07-16 06:00:00,313.0,480.0,78.0,0.5099999904632568,150.0,0.699999988079071,0.699999988079071,1.5399999618530273,3.0899999141693115,3.5999999046325684,0.0,0.0,0.0,6.690000057220459,2.0,0.0,0.0,68.0,9.0,66.0,9.0,51.0,65.0,28.0,2.9000000953674316,101820.0,50.0,21.0,6.0,13.0,9.0,8.0,4.0,3.0,4.0,3.0,1.0,0.0,47.0,29.0,18.0,8.0,0.0,0.0,0.0,0.0,0.0,0.0,0.0,0.0,0.0,20.0,13.300000190734863,6.099999904632568,0.0,280.0,91.0,88.0,81.0,71.0,79.0,70.0,58.0,38.0,0.0,780.0,1320.0,291.3500061035156,288.45001220703125,291.25,289.04998779296875,290.6499938964844,293.3500061035156,289.1499938964844,6400.0,2.0,30.0,2.0,3.0,61.0,,95.0,334800.0,2.0,3.0,2.0,10.0,43.0,11.0,39.0,64.0,0.0,0.0,0.0,13.0,49.0,79.0,1.0,12.0,,14.0,13.0,49.0,,79.0,0.0,0.0,0.0,0.0,5.0,,25.0,3.0,7.0,9.0
2021-07-16 07:00:00,357.0,540.0,69.0,1.0299999713897705,140.0,0.8999999761581421,0.699999988079071,2.059999942779541,3.5999999046325684,4.119999885559082,,,,,,,,67.0,8.0,65.0,13.0,52.0,62.0,20.0,,101850.0,,,,11.0,7.0,5.0,5.0,4.0,4.0,2.0,4.0,0.0,,,,,0.0,0.0,0.0,0.0,,,0.0,0.0,,28.0,,,,620.0,90.0,88.0,83.0,67.0,,,,,,1080.0,2100.0,293.04998779296875,,,,291.6499938964844,,289.45001220703125,8200.0,1.0,,2.0,,,,,338400.0,2.0,,2.0,,,9.0,,,0.0,0.0,,11.0,46.0,,1.0,9.0,,,11.0,44.0,,,0.0,0.0,,0.0,,,,4.0,,
2021-07-16 08:00:00,354.0,420.0,61.0,1.0299999713897705,140.0,1.0,0.800000011920929,2.059999942779541,4.119999885559082,4.119999885559082,,,,,,,,66.0,5.0,62.0,16.0,49.0,59.0,20.0,,101860.0,,,,5.0,7.0,10.0,8.0,6.0,4.0,1.0,3.0,1.0,,,,,0.0,0.0,0.0,0.0,,,0.0,0.0,,36.0,,,,1060.0,,,,,,,,,,1260.0,2820.0,294.6499938964844,,,,292.25,,289.45001220703125,13000.0,0.0,,2.0,,,,,342000.0,2.0,,2.0,,,8.0,,,0.0,0.0,,10.0,39.0,,0.0,7.0,,,10.0,38.0,,,0.0,0.0,,0.0,,,,2.0,,
2021-07-16 09:00:00,357.0,180.0,63.0,1.0299999713897705,130.0,1.100000023841858,0.800000011920929,2.059999942779541,4.630000114440918,4.630000114440918,,,,,,,,65.0,2.0,61.0,17.0,52.0,58.0,13.0,,101870.0,,,,3.0,4.0,5.0,3.0,3.0,3.0,4.0,2.0,0.0,,,,,0.0,1.0,0.0,0.0,0.0,,0.0,0.0,0.0,41.0,,,,1450.0,,,,,,,,,,1440.0,3600.0,296.54998779296875,,,,293.25,,289.54998779296875,24900.0,0.0,,2.0,2.0,2.0,,,345600.0,2.0,2.0,2.0,6.0,,6.0,32.0,,0.0,0.0,,8.0,33.0,,0.0,5.0,,,8.0,33.0,,,0.0,0.0,,0.0,2.0,,,2.0,8.0,
2021-07-16 10:00:00,357.0,60.0,54.0,1.0299999713897705,120.0,1.399999976158142,1.0,2.569999933242798,4.630000114440918,5.139999866485596,,,,,,,,65.0,1.0,60.0,20.0,50.0,56.0,13.0,,101870.0,,,,2.0,1.0,1.0,1.0,0.0,4.0,3.0,3.0,0.0,,,,,0.0,0.0,0.0,0.0,,,0.0,0.0,,43.0,,,,1770.0,,,,,,,,,,1560.0,3900.0,297.6499938964844,,,,294.25,,289.45001220703125,21300.0,0.0,,2.0,,,,,349200.0,2.0,,4.0,,,3.0,,,0.0,0.0,,8.0,31.0,,0.0,4.0,,,8.0,33.0,,,0.0,0.0,,0.0,,,,1.0,,
2021-07-16 11:00:00,360.0,240.0,45.0,1.0299999713897705,120.0,1.399999976158142,0.8999999761581421,2.569999933242798,5.659999847412109,5.659999847412109,,,,,,,,67.0,1.0,62.0,21.0,47.0,58.0,20.0,,101860.0,,,,4.0,1.0,1.0,1.0,2.0,1.0,0.0,0.0,0.0,,,,,0.0,0.0,0.0,0.0,,,0.0,0.0,,45.0,,,,1980.0,,,,,,,,,,1620.0,4200.0,298.45001220703125,,,,295.1499938964844,,289.6499938964844,22700.0,0.0,,2.0,,,,,352800.0,2.0,,7.0,,,6.0,,,0.0,0.0,,13.0,28.0,,0.0,2.0,,,13.0,33.0,,,0.0,0.0,,1.0,,,,1.0,,
2021-07-16 12:00:00,7.0,240.0,45.0,1.0299999713897705,130.0,1.5,1.100000023841858,3.0899999141693115,6.170000076293945,6.170000076293945,3.0,0.0,0.0,,,,,68.0,0.0,62.0,25.0,46.0,57.0,21.0,,101850.0,,,,12.0,8.0,4.0,2.0,1.0,1.0,1.0,1.0,0.0,29.0,15.0,7.0,2.0,0.0,0.0,0.0,0.0,0.0,0.0,0.0,0.0,0.0,44.0,,,,1980.0,,,,,,,,,,1560.0,4560.0,298.8500061035156,,,,295.6499938964844,,289.54998779296875,22400.0,0.0,20.0,2.0,2.0,2.0,95.0,61.0,356400.0,2.0,2.0,9.0,14.0,14.0,5.0,21.0,47.0,0.0,0.0,0.0,13.0,28.0,59.0,0.0,1.0,16.0,13.0,13.0,28.0,92.0,59.0,0.0,0.0,0.0,2.0,2.0,39.0,7.0,1.0,8.0,15.0
2021-07-16 13:00:00,3.0,300.0,38.0,1.0299999713897705,140.0,1.600000023841858,1.100000023841858,3.5999999046325684,6.690000057220459,6.690000057220459,,,,,,,,70.0,0.0,62.0,26.0,43.0,60.0,30.0,,101810.0,,,,15.0,8.0,5.0,4.0,3.0,2.0,1.0,1.0,1.0,,,,,0.0,0.0,0.0,0.0,,,0.0,0.0,,44.0,,,,1930.0,,,,,,,,,,1500.0,4260.0,298.8500061035156,,,,296.04998779296875,,289.6499938964844,26200.0,0.0,,2.0,,,,,360000.0,2.0,,12.0,,,4.0,,,0.0,0.0,,16.0,26.0,,0.0,1.0,,,16.0,36.0,,,0.0,0.0,,4.0,,,,1.0,,
2021-07-16 14:00:00,11.0,300.0,45.0,1.0299999713897705,130.0,1.600000023841858,1.100000023841858,3.5999999046325684,6.690000057220459,7.199999809265137,,,,,,,,70.0,0.0,63.0,27.0,40.0,59.0,32.0,,101800.0,,,,10.0,8.0,6.0,4.0,3.0,4.0,2.0,1.0,1.0,,,,,0.0,0.0,0.0,0.0,,,0.0,0.0,,43.0,,,,1730.0,,,,,,,,,,1380.0,3960.0,298.45001220703125,,,,296.25,,289.6499938964844,26500.0,0.0,,2.0,,,,,363600.0,2.0,,15.0,,,4.0,,,0.0,0.0,,20.0,27.0,,0.0,1.0,,,20.0,38.0,,,0.0,0.0,,6.0,,,,0.0,,
2021-07-16 15:00:00,12.0,300.0,52.0,1.0299999713897705,130.0,1.600000023841858,1.0,3.5999999046325684,6.690000057220459,8.229999542236328,,,,,,,,72.0,0.0,63.0,29.0,39.0,61.0,37.0,,101800.0,,,,11.0,6.0,5.0,6.0,5.0,4.0,2.0,1.0,1.0,,,,,0.0,1.0,0.0,0.0,0.0,,0.0,0.0,0.0,44.0,,,,1580.0,,,,,,,,,,1380.0,3660.0,296.95001220703125,,,,295.75,,289.6499938964844,28700.0,0.0,,2.0,2.0,2.0,,,367200.0,2.0,2.0,14.0,27.0,,5.0,16.0,,0.0,0.0,,19.0,31.0,,0.0,1.0,,,19.0,32.0,,,0.0,0.0,,3.0,10.0,,,0.0,4.0,
2021-07-16 16:00:00,11.0,360.0,52.0,1.0299999713897705,150.0,1.600000023841858,0.8999999761581421,3.0899999141693115,6.690000057220459,7.71999979019165,,,,,,,,73.0,0.0,65.0,32.0,37.0,61.0,38.0,,101830.0,,,,13.0,12.0,9.0,6.0,6.0,5.0,3.0,3.0,1.0,,,,,0.0,0.0,0.0,0.0,,,0.0,0.0,,42.0,,,,1230.0,,,,,,,,,,1260.0,3960.0,296.54998779296875,,,,295.6499938964844,,289.75,34500.0,0.0,,2.0,,,,,370800.0,2.0,,15.0,,,6.0,,,0.0,0.0,,21.0,35.0,,0.0,1.0,,,21.0,46.0,,,0.0,0.0,,3.0,,,,0.0,,
2021-07-16 17:00:00,12.0,360.0,55.0,1.0299999713897705,140.0,1.2999999523162842,1.0,3.0899999141693115,6.690000057220459,7.71999979019165,,,,,,,,73.0,0.0,65.0,32.0,35.0,60.0,39.0,,101820.0,,,,12.0,9.0,6.0,7.0,6.0,6.0,3.0,3.0,1.0,,,,,0.0,1.0,0.0,0.0,,,0.0,0.0,,41.0,,,,890.0,,,,,,,,,,1380.0,4200.0,295.8500061035156,,,,295.1499938964844,,289.75,32900.0,0.0,,2.0,,,,,374400.0,2.0,,14.0,,,6.0,,,0.0,0.0,,20.0,42.0,,0.0,1.0,,,20.0,51.0,,,0.0,0.0,,4.0,,,,1.0,,
2021-07-16 18:00:00,13.0,420.0,43.0,1.0299999713897705,140.0,1.600000023841858,1.0,3.0899999141693115,6.170000076293945,7.71999979019165,10.0,0.0,0.0,8.75,9.0,0.0,0.0,75.0,0.0,64.0,38.0,41.0,60.0,32.0,,101900.0,,,,17.0,14.0,10.0,7.0,6.0,7.0,4.0,3.0,2.0,54.0,41.0,30.0,11.0,0.0,1.0,0.0,0.0,0.0,0.0,0.0,0.0,0.0,35.0,,2.5999999046325684,,480.0,,,,,65.0,46.0,32.0,12.0,,1140.0,4440.0,294.1499938964844,,,290.54998779296875,294.45001220703125,297.54998779296875,289.95001220703125,28900.0,0.0,20.0,61.0,61.0,61.0,,61.0,378000.0,2.0,2.0,14.0,36.0,37.0,8.0,14.0,31.0,0.0,0.0,0.0,22.0,50.0,61.0,0.0,1.0,,2.0,22.0,50.0,,61.0,0.0,0.0,0.0,4.0,15.0,,16.0,1.0,2.0,11.0
2021-07-16 19:00:00,20.0,420.0,45.0,1.0299999713897705,140.0,1.2999999523162842,1.0,2.569999933242798,5.139999866485596,6.690000057220459,,,,,,,,79.0,1.0,67.0,40.0,40.0,65.0,41.0,,101930.0,,,,11.0,13.0,9.0,7.0,6.0,5.0,3.0,2.0,1.0,,,,,0.0,1.0,0.0,2.0,,,0.0,0.0,,31.0,,,,190.0,,,,,,,,,,660.0,3240.0,292.95001220703125,,,,293.45001220703125,,290.04998779296875,27300.0,0.0,,2.0,,,,,381600.0,2.0,,10.0,,,9.0,,,0.0,0.0,,19.0,49.0,,0.0,1.0,,,19.0,55.0,,,0.0,0.0,,4.0,,,,0.0,,
2021-07-16 20:00:00,22.0,480.0,56.0,0.5099999904632568,150.0,1.100000023841858,1.100000023841858,2.059999942779541,4.119999885559082,6.170000076293945,,,,,,,,78.0,0.0,66.0,35.0,40.0,66.0,42.0,,101980.0,,,,12.0,13.0,9.0,7.0,7.0,6.0,3.0,2.0,1.0,,,,,0.0,1.0,0.0,0.0,,,0.0,0.0,,12.0,,,,10.0,,,,,,,,,,240.0,2040.0,291.3500061035156,,,,292.25,,289.8500061035156,20800.0,0.0,,2.0,,,,,385200.0,2.0,,8.0,,,7.0,,,0.0,0.0,,15.0,49.0,,1.0,2.0,,,15.0,54.0,,,0.0,0.0,,4.0,,,,0.0,,
2021-07-16 21:00:00,18.0,420.0,65.0,0.5099999904632568,140.0,0.800000011920929,0.800000011920929,1.5399999618530273,3.5999999046325684,5.139999866485596,,,,,,,,78.0,0.0,67.0,35.0,34.0,67.0,50.0,,102050.0,,,,9.0,5.0,4.0,5.0,5.0,3.0,2.0,1.0,0.0,,,,,0.0,0.0,0.0,0.0,0.0,,0.0,0.0,0.0,,,,,0.0,,,,,,,,,,0.0,840.0,290.25,,,,291.3500061035156,,289.6499938964844,15700.0,0.0,,2.0,2.0,61.0,,,388800.0,2.0,2.0,8.0,27.0,,6.0,18.0,,0.0,0.0,,14.0,46.0,,1.0,2.0,,,14.0,46.0,,,0.0,0.0,,3.0,14.0,,,0.0,1.0,
2021-07-16 22:00:00,14.0,300.0,73.0,1.0299999713897705,130.0,0.8999999761581421,0.800000011920929,1.5399999618530273,3.0899999141693115,4.630000114440918,,,,,,,,75.0,0.0,65.0,31.0,40.0,65.0,41.0,,102120.0,,,,7.0,5.0,3.0,2.0,1.0,3.0,1.0,1.0,1.0,,,,,0.0,0.0,0.0,0.0,,,0.0,0.0,,,,,,0.0,,,,,,,,,,0.0,540.0,289.54998779296875,,,,290.6499938964844,,289.3500061035156,13400.0,0.0,,2.0,,,,,392400.0,2.0,,6.0,,,7.0,,,0.0,0.0,,13.0,42.0,,1.0,2.0,,,13.0,47.0,,,0.0,0.0,,3.0,,,,0.0,,
2021-07-16 23:00:00,14.0,360.0,76.0,1.0299999713897705,130.0,1.0,1.0,1.5399999618530273,3.0899999141693115,4.119999885559082,,,,,,,,69.0,0.0,60.0,22.0,41.0,60.0,33.0,,102130.0,,,,6.0,5.0,4.0,4.0,3.0,2.0,3.0,1.0,1.0,,,,,0.0,0.0,0.0,0.0,,,0.0,0.0,,,,,,0.0,,,,,,,,,,0.0,300.0,289.1499938964844,,,,290.04998779296875,,289.1499938964844,11700.0,0.0,,2.0,,,,,396000.0,2.0,,3.0,,,6.0,,,0.0,0.0,,9.0,36.0,,1.0,2.0,,,9.0,42.0,,,0.0,0.0,,2.0,,,,0.0,,
2021-07-17 00:00:00,13.0,300.0,81.0,1.0299999713897705,140.0,1.0,1.0,1.5399999618530273,3.0899999141693115,3.5999999046325684,1.0,1.0,0.0,,,,,66.0,2.0,58.0,19.0,46.0,58.0,23.0,,102120.0,,,,6.0,5.0,3.0,2.0,2.0,3.0,3.0,1.0,0.0,34.0,21.0,5.0,3.0,0.0,0.0,0.0,0.0,0.0,0.0,0.0,0.0,0.0,,,,,0.0,,,,,,,,,,0.0,0.0,288.45001220703125,,,,289.54998779296875,,288.8500061035156,9800.0,0.0,20.0,2.0,2.0,2.0,61.0,61.0,399600.0,2.0,2.0,3.0,16.0,37.0,4.0,18.0,29.0,0.0,0.0,0.0,8.0,32.0,65.0,1.0,1.0,15.0,2.0,8.0,32.0,84.0,65.0,0.0,0.0,0.0,2.0,7.0,23.0,17.0,0.0,2.0,4.0
2021-07-17 01:00:00,21.0,120.0,79.0,1.0299999713897705,140.0,1.2000000476837158,1.100000023841858,1.5399999618530273,2.569999933242798,3.5999999046325684,,,,,,,,65.0,3.0,59.0,16.0,44.0,58.0,24.0,,102100.0,,,,4.0,4.0,3.0,2.0,2.0,2.0,3.0,1.0,1.0,,,,,0.0,0.0,0.0,0.0,,,0.0,0.0,,,,,,0.0,,,,,,,,,,0.0,0.0,288.04998779296875,,,,289.1499938964844,,288.6499938964844,7900.0,1.0,,2.0,,,,,403200.0,2.0,,3.0,,,3.0,,,0.0,0.0,,6.0,27.0,,1.0,4.0,,,6.0,33.0,,,0.0,0.0,,1.0,,,,1.0,,
2021-07-17 02:00:00,14.0,120.0,73.0,1.0299999713897705,150.0,1.2000000476837158,1.2000000476837158,1.5399999618530273,2.569999933242798,3.5999999046325684,,,,,,,,62.0,4.0,59.0,15.0,45.0,56.0,19.0,,102080.0,,,,3.0,2.0,1.0,0.0,1.0,1.0,0.0,0.0,0.0,,,,,0.0,0.0,0.0,0.0,,,0.0,0.0,,,,,,0.0,,,,,,,,,,0.0,0.0,287.95001220703125,,,,288.6499938964844,,288.3500061035156,7600.0,4.0,,2.0,,,,,406800.0,2.0,,3.0,,,5.0,,,0.0,0.0,,8.0,24.0,,5.0,6.0,,,8.0,28.0,,,0.0,0.0,,1.0,,,,1.0,,
2021-07-17 03:00:00,11.0,120.0,73.0,0.5099999904632568,150.0,1.2999999523162842,1.2000000476837158,1.5399999618530273,2.569999933242798,3.0899999141693115,,,,,,,,64.0,5.0,62.0,17.0,43.0,56.0,23.0,,102060.0,,,,3.0,2.0,1.0,1.0,1.0,0.0,1.0,0.0,0.0,,,,,0.0,0.0,0.0,0.0,0.0,,0.0,0.0,0.0,,,,,0.0,,,,,,,,,,0.0,0.0,287.75,,,,288.45001220703125,,288.1499938964844,7000.0,5.0,,2.0,2.0,2.0,,,410400.0,2.0,2.0,2.0,8.0,,4.0,18.0,,0.0,0.0,,6.0,23.0,,3.0,8.0,,,6.0,23.0,,,0.0,0.0,,0.0,4.0,,,1.0,1.0,
2021-07-17 04:00:00,20.0,180.0,71.0,0.5099999904632568,160.0,1.2999999523162842,1.2999999523162842,1.5399999618530273,2.569999933242798,3.0899999141693115,,,,,,,,66.0,7.0,61.0,20.0,42.0,58.0,26.0,,102060.0,,,,1.0,1.0,1.0,0.0,0.0,0.0,0.0,0.0,0.0,,,,,0.0,0.0,0.0,0.0,,,0.0,0.0,,0.0,,,,0.0,,,,,,,,,,240.0,540.0,288.25,,,,288.6499938964844,,288.25,7900.0,6.0,,2.0,,,,,414000.0,2.0,,1.0,,,4.0,,,0.0,0.0,,6.0,17.0,,7.0,9.0,,,6.0,19.0,,,0.0,0.0,,0.0,,,,1.0,,
2021-07-17 05:00:00,19.0,0.0,70.0,0.5099999904632568,170.0,1.2000000476837158,1.399999976158142,1.5399999618530273,2.569999933242798,3.5999999046325684,,,,,,,,66.0,7.0,65.0,21.0,49.0,57.0,14.0,,102060.0,,,,1.0,0.0,1.0,1.0,1.0,1.0,1.0,0.0,0.0,,,,,0.0,0.0,0.0,0.0,,,0.0,0.0,,11.0,,,,70.0,,,,,,,,,,600.0,1020.0,289.45001220703125,,,,289.1499938964844,,288.25,7500.0,6.0,,2.0,,,,,417600.0,2.0,,1.0,,,5.0,,,0.0,0.0,,6.0,13.0,,7.0,10.0,,,6.0,13.0,,,0.0,0.0,,0.0,,,,1.0,,
2021-07-17 06:00:00,19.0,60.0,80.0,0.5099999904632568,180.0,1.100000023841858,1.2999999523162842,2.059999942779541,3.5999999046325684,3.5999999046325684,0.0,0.0,0.0,5.659999847412109,1.0,1.0,0.0,66.0,7.0,64.0,22.0,47.0,57.0,19.0,4.599999904632568,102070.0,81.0,36.0,14.0,2.0,2.0,1.0,1.0,1.0,0.0,1.0,0.0,0.0,9.0,6.0,3.0,1.0,0.0,0.0,0.0,0.0,0.0,0.0,0.0,0.0,0.0,20.0,2.5999999046325684,0.0,32.0,290.0,73.0,53.0,40.0,16.0,42.0,29.0,12.0,4.0,17640.0,960.0,1560.0,291.1499938964844,286.54998779296875,291.95001220703125,287.75,290.25,294.6499938964844,288.3500061035156,9200.0,4.0,20.0,2.0,2.0,2.0,,2.0,421200.0,2.0,2.0,1.0,4.0,16.0,3.0,12.0,28.0,0.0,0.0,0.0,4.0,12.0,38.0,5.0,10.0,,10.0,4.0,12.0,,38.0,0.0,0.0,0.0,0.0,1.0,,7.0,1.0,4.0,6.0
2021-07-17 07:00:00,11.0,120.0,70.0,1.0299999713897705,180.0,0.8999999761581421,1.2999999523162842,2.059999942779541,3.5999999046325684,4.119999885559082,,,,,,,,65.0,7.0,63.0,20.0,51.0,56.0,10.0,,102070.0,,,,4.0,2.0,1.0,3.0,1.0,1.0,0.0,1.0,0.0,,,,,0.0,0.0,0.0,0.0,,,0.0,0.0,,28.0,,,,630.0,61.0,54.0,31.0,31.0,,,,,,1320.0,2700.0,292.95001220703125,,,,291.3500061035156,,288.54998779296875,12100.0,2.0,,2.0,,,,,424800.0,2.0,,1.0,,,3.0,,,0.0,0.0,,4.0,9.0,,3.0,9.0,,,4.0,8.0,,,0.0,0.0,,0.0,,,,1.0,,
2021-07-17 08:00:00,7.0,60.0,64.0,1.0299999713897705,200.0,1.100000023841858,1.399999976158142,2.569999933242798,4.630000114440918,4.630000114440918,,,,,,,,64.0,5.0,61.0,20.0,51.0,55.0,8.0,,102060.0,,,,1.0,2.0,1.0,1.0,1.0,1.0,1.0,0.0,0.0,,,,,0.0,0.0,0.0,0.0,,,0.0,0.0,,37.0,,,,1100.0,,,,,,,,,,1620.0,3840.0,294.95001220703125,,,,292.75,,288.75,16900.0,1.0,,2.0,,,,,428400.0,2.0,,1.0,,,3.0,,,0.0,0.0,,3.0,9.0,,1.0,7.0,,,3.0,9.0,,,0.0,0.0,,0.0,,,,2.0,,
2021-07-17 09:00:00,360.0,0.0,68.0,1.0299999713897705,180.0,1.100000023841858,1.2999999523162842,2.569999933242798,5.139999866485596,5.139999866485596,,,,,,,,61.0,4.0,56.0,20.0,45.0,52.0,13.0,,102060.0,,,,2.0,1.0,1.0,1.0,1.0,1.0,0.0,0.0,1.0,,,,,0.0,0.0,0.0,0.0,0.0,,0.0,0.0,0.0,46.0,,,,1640.0,,,,,,,,,,1740.0,5040.0,296.75,,,,293.8500061035156,,289.04998779296875,19700.0,0.0,,2.0,2.0,2.0,,,432000.0,2.0,2.0,1.0,3.0,,3.0,11.0,,0.0,0.0,,4.0,11.0,,0.0,7.0,,,4.0,11.0,,,0.0,0.0,,0.0,1.0,,,2.0,7.0,
2021-07-17 10:00:00,2.0,0.0,56.0,1.0299999713897705,170.0,1.2999999523162842,1.600000023841858,2.569999933242798,5.139999866485596,5.659999847412109,,,,,,,,58.0,1.0,52.0,17.0,44.0,49.0,9.0,,102030.0,,,,1.0,2.0,2.0,1.0,1.0,3.0,1.0,0.0,0.0,,,,,0.0,0.0,0.0,0.0,,,0.0,0.0,,50.0,,,,2030.0,,,,,,,,,,1980.0,5460.0,297.75,,,,294.6499938964844,,289.25,23600.0,0.0,,1.0,,,,,435600.0,1.0,,2.0,,,4.0,,,0.0,0.0,,5.0,10.0,,1.0,4.0,,,5.0,10.0,,,0.0,0.0,,0.0,,,,1.0,,
2021-07-17 11:00:00,2.0,120.0,45.0,1.0299999713897705,170.0,1.7999999523162842,1.5,3.0899999141693115,5.659999847412109,6.170000076293945,,,,,,,,56.0,1.0,50.0,17.0,42.0,46.0,7.0,,102000.0,,,,3.0,2.0,2.0,1.0,2.0,1.0,1.0,1.0,0.0,,,,,0.0,0.0,0.0,0.0,,,0.0,0.0,,52.0,,,,2270.0,,,,,,,,,,2100.0,5820.0,299.1499938964844,,,,295.6499938964844,,289.3500061035156,25500.0,0.0,,1.0,,,,,439200.0,1.0,,2.0,,,3.0,,,0.0,0.0,,5.0,10.0,,0.0,3.0,,,5.0,11.0,,,0.0,0.0,,0.0,,,,1.0,,
2021-07-17 12:00:00,3.0,60.0,39.0,1.0299999713897705,180.0,2.0,1.399999976158142,3.5999999046325684,6.170000076293945,6.690000057220459,5.0,0.0,0.0,,,,,55.0,0.0,51.0,18.0,42.0,46.0,7.0,,102000.0,,,,2.0,3.0,3.0,1.0,2.0,2.0,0.0,0.0,0.0,12.0,10.0,5.0,1.0,0.0,0.0,0.0,0.0,0.0,0.0,0.0,0.0,0.0,52.0,,,,2340.0,,,,,,,,,,2100.0,6240.0,299.6499938964844,,,,296.25,,289.25,26700.0,0.0,20.0,1.0,1.0,2.0,61.0,2.0,442800.0,1.0,1.0,3.0,5.0,5.0,3.0,11.0,17.0,0.0,0.0,0.0,6.0,11.0,17.0,0.0,3.0,16.0,13.0,6.0,11.0,66.0,17.0,0.0,0.0,0.0,1.0,1.0,17.0,3.0,1.0,7.0,11.0
2021-07-17 13:00:00,7.0,120.0,44.0,1.0299999713897705,180.0,1.899999976158142,1.5,3.5999999046325684,6.690000057220459,7.199999809265137,,,,,,,,55.0,0.0,48.0,18.0,38.0,45.0,13.0,,101960.0,,,,4.0,2.0,3.0,2.0,1.0,1.0,1.0,0.0,0.0,,,,,0.0,0.0,0.0,0.0,,,0.0,0.0,,53.0,,,,2310.0,,,,,,,,,,2100.0,6060.0,299.95001220703125,,,,296.54998779296875,,289.25,27800.0,0.0,,1.0,,,,,446400.0,1.0,,5.0,,,4.0,,,0.0,0.0,,8.0,10.0,,0.0,2.0,,,8.0,14.0,,,0.0,0.0,,2.0,,,,1.0,,
2021-07-17 14:00:00,8.0,180.0,38.0,1.0299999713897705,170.0,1.7999999523162842,1.600000023841858,3.5999999046325684,7.199999809265137,7.71999979019165,,,,,,,,59.0,0.0,49.0,25.0,33.0,45.0,18.0,,101920.0,,,,6.0,6.0,4.0,3.0,4.0,3.0,1.0,1.0,0.0,,,,,0.0,0.0,0.0,0.0,,,0.0,0.0,,53.0,,,,2130.0,,,,,,,,,,2100.0,5820.0,299.8500061035156,,,,296.8500061035156,,289.25,28500.0,0.0,,1.0,,,,,450000.0,1.0,,6.0,,,3.0,,,0.0,0.0,,9.0,10.0,,0.0,2.0,,,9.0,15.0,,,0.0,0.0,,2.0,,,,0.0,,
2021-07-17 15:00:00,13.0,300.0,40.0,1.0299999713897705,160.0,2.0999999046325684,1.5,4.119999885559082,7.199999809265137,8.229999542236328,,,,,,,,58.0,0.0,50.0,20.0,31.0,48.0,25.0,,101910.0,,,,10.0,8.0,6.0,4.0,3.0,3.0,2.0,0.0,0.0,,,,,0.0,0.0,0.0,0.0,0.0,,0.0,0.0,0.0,53.0,,,,1870.0,,,,,,,,,,1980.0,5640.0,299.45001220703125,,,,297.1499938964844,,289.3500061035156,30700.0,0.0,,1.0,1.0,1.0,,,453600.0,1.0,1.0,6.0,13.0,,3.0,13.0,,0.0,0.0,,9.0,13.0,,0.0,1.0,,,9.0,13.0,,,0.0,0.0,,3.0,5.0,,,0.0,3.0,
2021-07-17 16:00:00,14.0,240.0,30.0,1.0299999713897705,160.0,2.0999999046325684,1.600000023841858,4.119999885559082,6.690000057220459,7.71999979019165,,,,,,,,58.0,0.0,50.0,22.0,31.0,46.0,22.0,,101880.0,,,,7.0,5.0,3.0,2.0,1.0,1.0,2.0,0.0,0.0,,,,,0.0,0.0,0.0,0.0,,,0.0,0.0,,51.0,,,,1500.0,,,,,,,,,,2100.0,5760.0,298.45001220703125,,,,297.04998779296875,,289.3500061035156,30300.0,0.0,,1.0,,,,,457200.0,1.0,,4.0,,,3.0,,,0.0,0.0,,7.0,15.0,,0.0,1.0,,,7.0,20.0,,,0.0,0.0,,3.0,,,,0.0,,
2021-07-17 17:00:00,15.0,360.0,32.0,1.5399999618530273,170.0,2.0,1.5,4.119999885559082,6.690000057220459,7.71999979019165,,,,,,,,57.0,0.0,51.0,20.0,31.0,46.0,22.0,,101880.0,,,,6.0,4.0,3.0,3.0,1.0,1.0,2.0,1.0,0.0,,,,,0.0,0.0,0.0,0.0,,,0.0,0.0,,50.0,,,,1090.0,,,,,,,,,,1980.0,5880.0,297.1499938964844,,,,296.54998779296875,,289.3500061035156,32000.0,0.0,,1.0,,,,,460800.0,1.0,,7.0,,,5.0,,,0.0,0.0,,12.0,20.0,,0.0,1.0,,,12.0,23.0,,,0.0,0.0,,3.0,,,,0.0,,
2021-07-17 18:00:00,12.0,360.0,29.0,1.0299999713897705,150.0,1.7999999523162842,1.5,3.5999999046325684,6.170000076293945,7.71999979019165,8.0,2.0,0.0,8.75,8.0,1.0,0.0,58.0,0.0,55.0,16.0,33.0,50.0,26.0,,101860.0,,,,12.0,10.0,7.0,5.0,5.0,3.0,2.0,1.0,1.0,21.0,9.0,3.0,3.0,0.0,1.0,0.0,0.0,0.0,0.0,0.0,0.0,0.0,40.0,,0.0,,550.0,,,,,32.0,16.0,8.0,4.0,,1500.0,6000.0,295.3500061035156,,,290.25,295.6499938964844,298.3500061035156,289.6499938964844,33400.0,0.0,10.0,1.0,1.0,1.0,,1.0,464400.0,1.0,1.0,7.0,13.0,16.0,7.0,13.0,24.0,0.0,0.0,0.0,14.0,25.0,36.0,0.0,1.0,,3.0,14.0,25.0,,36.0,0.0,0.0,0.0,4.0,9.0,,10.0,0.0,2.0,9.0
2021-07-17 19:00:00,23.0,420.0,27.0,1.0299999713897705,150.0,1.7000000476837158,1.100000023841858,3.0899999141693115,5.139999866485596,7.199999809265137,,,,,,,,60.0,0.0,56.0,19.0,34.0,51.0,27.0,,101900.0,,,,7.0,9.0,7.0,4.0,4.0,3.0,1.0,0.0,0.0,,,,,0.0,1.0,0.0,0.0,,,0.0,0.0,,32.0,,,,190.0,,,,,,,,,,900.0,4440.0,293.54998779296875,,,,294.75,,289.75,33300.0,0.0,,1.0,,,,,468000.0,1.0,,6.0,,,9.0,,,0.0,0.0,,15.0,24.0,,0.0,1.0,,,15.0,29.0,,,0.0,0.0,,3.0,,,,0.0,,
2021-07-17 20:00:00,22.0,300.0,38.0,0.5099999904632568,170.0,1.7000000476837158,1.2999999523162842,2.569999933242798,4.630000114440918,6.170000076293945,,,,,,,,62.0,0.0,58.0,16.0,35.0,54.0,29.0,,101930.0,,,,6.0,3.0,3.0,2.0,2.0,2.0,1.0,0.0,0.0,,,,,0.0,0.0,0.0,0.0,,,0.0,0.0,,14.0,,,,10.0,,,,,,,,,,420.0,2940.0,292.25,,,,293.6499938964844,,290.04998779296875,27200.0,0.0,,2.0,,,,,471600.0,2.0,,5.0,,,7.0,,,0.0,0.0,,12.0,24.0,,1.0,2.0,,,12.0,31.0,,,0.0,0.0,,3.0,,,,0.0,,
2021-07-17 21:00:00,25.0,60.0,60.0,1.0299999713897705,170.0,1.2000000476837158,1.2999999523162842,2.059999942779541,3.5999999046325684,5.659999847412109,,,,,,,,61.0,0.0,57.0,15.0,29.0,54.0,36.0,,101950.0,,,,1.0,2.0,1.0,1.0,2.0,1.0,1.0,0.0,0.0,,,,,0.0,0.0,0.0,0.0,0.0,,0.0,0.0,0.0,,,,,0.0,,,,,,,,,,0.0,1380.0,291.1499938964844,,,,292.54998779296875,,289.8500061035156,20500.0,0.0,,2.0,2.0,1.0,,,475200.0,2.0,2.0,4.0,14.0,,6.0,16.0,,0.0,0.0,,10.0,26.0,,0.0,2.0,,,10.0,26.0,,,0.0,0.0,,2.0,9.0,,,0.0,1.0,
2021-07-17 22:00:00,21.0,180.0,60.0,1.0299999713897705,180.0,1.100000023841858,1.2999999523162842,2.059999942779541,3.0899999141693115,5.139999866485596,,,,,,,,56.0,0.0,55.0,11.0,32.0,50.0,27.0,,101980.0,,,,2.0,2.0,1.0,1.0,1.0,1.0,1.0,0.0,0.0,,,,,0.0,0.0,0.0,0.0,,,0.0,0.0,,,,,,0.0,,,,,,,,,,0.0,900.0,290.1499938964844,,,,291.8500061035156,,289.75,19800.0,0.0,,1.0,,,,,478800.0,1.0,,3.0,,,5.0,,,0.0,0.0,,8.0,20.0,,0.0,2.0,,,8.0,31.0,,,0.0,0.0,,2.0,,,,0.0,,
2021-07-17 23:00:00,27.0,120.0,61.0,1.0299999713897705,180.0,1.100000023841858,1.2000000476837158,1.5399999618530273,3.0899999141693115,4.630000114440918,,,,,,,,53.0,0.0,52.0,5.0,31.0,51.0,29.0,,101970.0,,,,3.0,3.0,1.0,2.0,2.0,1.0,0.0,0.0,0.0,,,,,0.0,0.0,0.0,0.0,,,0.0,0.0,,,,,,0.0,,,,,,,,,,0.0,480.0,289.54998779296875,,,,291.1499938964844,,289.25,17600.0,0.0,,1.0,,,,,482400.0,1.0,,2.0,,,5.0,,,0.0,0.0,,7.0,17.0,,1.0,2.0,,,7.0,28.0,,,0.0,0.0,,1.0,,,,0.0,,
2021-07-18 00:00:00,33.0,120.0,69.0,1.0299999713897705,180.0,1.0,1.100000023841858,1.5399999618530273,3.0899999141693115,4.119999885559082,1.0,1.0,0.0,,,,,54.0,1.0,52.0,12.0,35.0,47.0,20.0,,101940.0,,,,4.0,4.0,2.0,1.0,1.0,1.0,0.0,0.0,1.0,22.0,10.0,4.0,1.0,0.0,0.0,0.0,0.0,0.0,0.0,0.0,0.0,0.0,,,,,0.0,,,,,,,,,,0.0,0.0,288.95001220703125,,,,290.6499938964844,,288.95001220703125,14900.0,0.0,10.0,1.0,1.0,1.0,1.0,1.0,486000.0,1.0,1.0,1.0,10.0,18.0,7.0,18.0,25.0,0.0,0.0,0.0,8.0,20.0,33.0,1.0,2.0,17.0,3.0,8.0,20.0,47.0,33.0,0.0,0.0,0.0,1.0,6.0,12.0,10.0,0.0,2.0,4.0
2021-07-18 01:00:00,23.0,120.0,63.0,0.5099999904632568,190.0,1.100000023841858,1.0,1.5399999618530273,3.0899999141693115,3.5999999046325684,,,,,,,,52.0,3.0,52.0,9.0,35.0,48.0,19.0,,101930.0,,,,2.0,2.0,2.0,1.0,1.0,2.0,1.0,1.0,0.0,,,,,0.0,0.0,0.0,0.0,,,0.0,0.0,,,,,,0.0,,,,,,,,,,0.0,0.0,288.54998779296875,,,,290.3500061035156,,288.6499938964844,12300.0,1.0,,1.0,,,,,489600.0,1.0,,1.0,,,8.0,,,0.0,0.0,,9.0,15.0,,1.0,2.0,,,9.0,23.0,,,0.0,0.0,,1.0,,,,1.0,,
2021-07-18 02:00:00,24.0,180.0,64.0,1.0299999713897705,190.0,1.0,1.100000023841858,1.5399999618530273,3.0899999141693115,3.5999999046325684,,,,,,,,51.0,4.0,49.0,9.0,34.0,46.0,18.0,,101920.0,,,,4.0,3.0,2.0,2.0,1.0,1.0,1.0,0.0,1.0,,,,,0.0,0.0,0.0,0.0,,,0.0,0.0,,,,,,0.0,,,,,,,,,,0.0,0.0,288.04998779296875,,,,290.1499938964844,,288.3500061035156,9800.0,2.0,,1.0,,,,,493200.0,1.0,,1.0,,,8.0,,,0.0,0.0,,9.0,16.0,,1.0,2.0,,,9.0,20.0,,,0.0,0.0,,1.0,,,,1.0,,
2021-07-18 03:00:00,19.0,300.0,61.0,0.5099999904632568,190.0,0.8999999761581421,1.0,1.5399999618530273,3.0899999141693115,3.5999999046325684,,,,,,,,54.0,5.0,50.0,14.0,28.0,47.0,26.0,,101920.0,,,,4.0,4.0,4.0,2.0,2.0,2.0,0.0,0.0,0.0,,,,,0.0,0.0,0.0,0.0,0.0,,0.0,0.0,0.0,,,,,0.0,,,,,,,,,,0.0,0.0,287.95001220703125,,,,289.54998779296875,,288.25,8900.0,3.0,,1.0,1.0,1.0,,,496800.0,1.0,1.0,1.0,6.0,,8.0,20.0,,0.0,0.0,,9.0,20.0,,2.0,3.0,,,9.0,20.0,,,0.0,0.0,,0.0,4.0,,,1.0,2.0,
2021-07-18 04:00:00,20.0,240.0,66.0,1.0299999713897705,200.0,0.8999999761581421,1.100000023841858,1.5399999618530273,3.0899999141693115,3.5999999046325684,,,,,,,,57.0,5.0,51.0,17.0,32.0,48.0,23.0,,101920.0,,,,6.0,6.0,4.0,3.0,2.0,2.0,1.0,0.0,0.0,,,,,0.0,0.0,0.0,0.0,,,0.0,0.0,,0.0,,,,0.0,,,,,,,,,,240.0,660.0,288.54998779296875,,,,289.6499938964844,,288.3500061035156,9100.0,2.0,,1.0,,,,,500400.0,1.0,,2.0,,,8.0,,,0.0,0.0,,10.0,18.0,,3.0,5.0,,,10.0,17.0,,,0.0,0.0,,0.0,,,,1.0,,
2021-07-18 05:00:00,19.0,240.0,62.0,1.0299999713897705,200.0,0.8999999761581421,1.2000000476837158,2.059999942779541,3.0899999141693115,4.119999885559082,,,,,,,,60.0,6.0,53.0,23.0,36.0,49.0,19.0,,101900.0,,,,4.0,2.0,2.0,1.0,2.0,2.0,0.0,1.0,0.0,,,,,0.0,0.0,0.0,0.0,,,0.0,0.0,,11.0,,,,70.0,,,,,,,,,,720.0,1320.0,289.8500061035156,,,,290.25,,288.6499938964844,11300.0,3.0,,1.0,,,,,504000.0,1.0,,2.0,,,8.0,,,0.0,0.0,,10.0,18.0,,4.0,6.0,,,10.0,17.0,,,0.0,0.0,,0.0,,,,1.0,,
2021-07-18 06:00:00,16.0,60.0,44.0,1.0299999713897705,220.0,0.8999999761581421,1.0,2.059999942779541,3.5999999046325684,4.119999885559082,1.0,0.0,0.0,6.690000057220459,3.0,1.0,0.0,61.0,7.0,55.0,19.0,43.0,51.0,15.0,4.800000190734863,101900.0,92.0,76.0,31.0,4.0,5.0,2.0,1.0,1.0,0.0,0.0,0.0,0.0,13.0,9.0,6.0,2.0,0.0,0.0,0.0,0.0,0.0,0.0,0.0,0.0,0.0,24.0,0.800000011920929,0.0,45.0,340.0,52.0,27.0,15.0,4.0,23.0,14.0,8.0,4.0,25200.0,1260.0,1980.0,292.1499938964844,287.45001220703125,292.8500061035156,288.6499938964844,291.04998779296875,296.1499938964844,288.8500061035156,12300.0,2.0,10.0,1.0,1.0,1.0,,1.0,507600.0,1.0,1.0,1.0,3.0,12.0,6.0,20.0,27.0,0.0,0.0,0.0,7.0,20.0,27.0,3.0,8.0,,10.0,7.0,20.0,,27.0,0.0,0.0,0.0,0.0,2.0,,8.0,1.0,4.0,6.0
2021-07-18 07:00:00,13.0,0.0,39.0,1.0299999713897705,220.0,0.8999999761581421,1.100000023841858,2.569999933242798,4.630000114440918,4.630000114440918,,,,,,,,61.0,6.0,54.0,23.0,43.0,50.0,11.0,,101900.0,,,,4.0,1.0,2.0,1.0,1.0,1.0,0.0,0.0,0.0,,,,,0.0,0.0,0.0,0.0,,,0.0,0.0,,33.0,,,,720.0,50.0,23.0,15.0,5.0,,,,,,1560.0,3300.0,294.25,,,,292.54998779296875,,289.04998779296875,16000.0,1.0,,1.0,,,,,511200.0,1.0,,1.0,,,5.0,,,0.0,0.0,,6.0,16.0,,2.0,8.0,,,6.0,16.0,,,0.0,0.0,,0.0,,,,1.0,,
2021-07-18 08:00:00,13.0,60.0,31.0,1.0299999713897705,230.0,1.2000000476837158,1.2999999523162842,3.0899999141693115,5.659999847412109,5.659999847412109,,,,,,,,59.0,5.0,54.0,24.0,43.0,46.0,4.0,,101890.0,,,,3.0,1.0,1.0,1.0,1.0,1.0,0.0,0.0,0.0,,,,,0.0,0.0,0.0,0.0,,,0.0,0.0,,41.0,,,,1210.0,,,,,,,,,,1860.0,4620.0,296.1499938964844,,,,293.54998779296875,,289.3500061035156,18400.0,0.0,,1.0,,,,,514800.0,1.0,,2.0,,,4.0,,,0.0,0.0,,6.0,15.0,,1.0,7.0,,,6.0,14.0,,,0.0,0.0,,0.0,,,,1.0,,
2021-07-18 09:00:00,14.0,60.0,31.0,1.0299999713897705,230.0,1.2999999523162842,1.399999976158142,3.5999999046325684,6.170000076293945,6.170000076293945,,,,,,,,58.0,3.0,52.0,28.0,41.0,42.0,3.0,,101870.0,,,,5.0,4.0,2.0,1.0,1.0,1.0,0.0,0.0,0.0,,,,,0.0,0.0,0.0,0.0,0.0,,0.0,0.0,0.0,47.0,,,,1670.0,,,,,,,,,,2100.0,5940.0,297.75,,,,295.04998779296875,,289.6499938964844,22100.0,0.0,,1.0,1.0,1.0,,,518400.0,1.0,1.0,1.0,4.0,,4.0,15.0,,0.0,0.0,,5.0,15.0,,0.0,7.0,,,5.0,15.0,,,0.0,0.0,,0.0,1.0,,,2.0,6.0,
2021-07-18 10:00:00,14.0,60.0,45.0,1.0299999713897705,230.0,1.600000023841858,1.7999999523162842,3.5999999046325684,6.690000057220459,6.690000057220459,,,,,,,,62.0,1.0,55.0,36.0,40.0,41.0,2.0,,101850.0,,,,3.0,3.0,2.0,1.0,1.0,1.0,1.0,0.0,0.0,,,,,0.0,0.0,0.0,0.0,,,0.0,0.0,,49.0,,,,1990.0,,,,,,,,,,2160.0,6360.0,299.54998779296875,,,,295.8500061035156,,289.54998779296875,22700.0,0.0,,1.0,,,,,522000.0,1.0,,3.0,,,3.0,,,0.0,0.0,,5.0,12.0,,0.0,5.0,,,5.0,11.0,,,0.0,0.0,,0.0,,,,1.0,,
2021-07-18 11:00:00,10.0,120.0,31.0,1.0299999713897705,220.0,1.899999976158142,1.7000000476837158,4.119999885559082,7.199999809265137,7.199999809265137,,,,,,,,59.0,1.0,54.0,34.0,38.0,38.0,0.0,,101830.0,,,,2.0,1.0,2.0,1.0,1.0,1.0,0.0,1.0,0.0,,,,,0.0,0.0,0.0,0.0,,,0.0,0.0,,50.0,,,,2160.0,,,,,,,,,,2040.0,6720.0,300.75,,,,297.25,,289.54998779296875,25000.0,0.0,,1.0,,,,,525600.0,1.0,,3.0,,,2.0,,,0.0,0.0,,5.0,10.0,,0.0,4.0,,,5.0,11.0,,,0.0,0.0,,0.0,,,,1.0,,
2021-07-18 12:00:00,6.0,120.0,25.0,1.5399999618530273,230.0,2.0,1.7000000476837158,4.119999885559082,7.199999809265137,7.71999979019165,7.0,0.0,0.0,,,,,61.0,0.0,53.0,34.0,36.0,41.0,9.0,,101810.0,,,,4.0,2.0,2.0,1.0,1.0,1.0,1.0,0.0,0.0,10.0,5.0,2.0,1.0,0.0,0.0,0.0,0.0,0.0,0.0,0.0,0.0,0.0,52.0,,,,2300.0,,,,,,,,,,1980.0,7140.0,301.25,,,,297.54998779296875,,289.45001220703125,24100.0,0.0,10.0,1.0,1.0,1.0,1.0,1.0,529200.0,1.0,1.0,3.0,8.0,8.0,2.0,10.0,20.0,0.0,0.0,0.0,5.0,10.0,20.0,0.0,2.0,13.0,10.0,5.0,10.0,43.0,20.0,0.0,0.0,0.0,1.0,1.0,13.0,3.0,1.0,6.0,10.0
2021-07-18 13:00:00,12.0,60.0,28.0,1.5399999618530273,220.0,2.200000047683716,1.600000023841858,4.630000114440918,7.71999979019165,8.229999542236328,,,,,,,,61.0,0.0,53.0,35.0,34.0,40.0,9.0,,101780.0,,,,3.0,3.0,3.0,2.0,1.0,1.0,1.0,0.0,0.0,,,,,0.0,0.0,0.0,0.0,,,0.0,0.0,,53.0,,,,2310.0,,,,,,,,,,1980.0,7080.0,301.3500061035156,,,,298.25,,289.54998779296875,24900.0,0.0,,1.0,,,,,532800.0,1.0,,4.0,,,3.0,,,0.0,0.0,,7.0,10.0,,0.0,2.0,,,7.0,11.0,,,0.0,0.0,,2.0,,,,1.0,,
2021-07-18 14:00:00,14.0,60.0,31.0,1.0299999713897705,220.0,2.5,1.600000023841858,4.630000114440918,7.71999979019165,8.75,,,,,,,,61.0,0.0,51.0,35.0,31.0,40.0,12.0,,101760.0,,,,3.0,3.0,2.0,2.0,2.0,2.0,1.0,1.0,0.0,,,,,0.0,0.0,0.0,0.0,,,0.0,0.0,,53.0,,,,2160.0,,,,,,,,,,2040.0,7020.0,300.8500061035156,,,,298.45001220703125,,289.54998779296875,26200.0,0.0,,1.0,,,,,536400.0,1.0,,6.0,,,2.0,,,0.0,0.0,,8.0,10.0,,0.0,2.0,,,8.0,11.0,,,0.0,0.0,,2.0,,,,0.0,,
2021-07-18 15:00:00,18.0,180.0,34.0,1.5399999618530273,220.0,2.5999999046325684,1.7999999523162842,4.630000114440918,8.229999542236328,9.260000228881836,,,,,,,,55.0,0.0,47.0,24.0,28.0,41.0,18.0,,101740.0,,,,3.0,2.0,2.0,1.0,2.0,3.0,1.0,0.0,0.0,,,,,0.0,0.0,0.0,0.0,0.0,,0.0,0.0,0.0,53.0,,,,1880.0,,,,,,,,,,2040.0,6960.0,300.3500061035156,,,,298.54998779296875,,289.54998779296875,27800.0,0.0,,1.0,1.0,1.0,,,540000.0,1.0,1.0,6.0,11.0,,2.0,9.0,,0.0,0.0,,9.0,11.0,,0.0,1.0,,,9.0,11.0,,,0.0,0.0,,3.0,4.0,,,0.0,3.0,
2021-07-18 16:00:00,16.0,180.0,37.0,1.5399999618530273,210.0,2.5999999046325684,1.7000000476837158,4.630000114440918,7.71999979019165,8.75,,,,,,,,57.0,0.0,51.0,28.0,32.0,41.0,14.0,,101710.0,,,,4.0,5.0,4.0,3.0,3.0,2.0,1.0,1.0,0.0,,,,,0.0,0.0,0.0,0.0,,,0.0,0.0,,49.0,,,,1420.0,,,,,,,,,,1920.0,6540.0,299.45001220703125,,,,298.3500061035156,,289.6499938964844,28900.0,0.0,,1.0,,,,,543600.0,1.0,,8.0,,,3.0,,,0.0,0.0,,10.0,15.0,,0.0,1.0,,,10.0,16.0,,,0.0,0.0,,4.0,,,,0.0,,
2021-07-18 17:00:00,20.0,180.0,28.0,1.5399999618530273,220.0,2.5999999046325684,1.600000023841858,4.630000114440918,7.199999809265137,8.75,,,,,,,,58.0,0.0,50.0,26.0,31.0,43.0,17.0,,101700.0,,,,6.0,4.0,4.0,3.0,3.0,3.0,1.0,1.0,1.0,,,,,0.0,0.0,0.0,0.0,,,0.0,0.0,,46.0,,,,1000.0,,,,,,,,,,1860.0,6120.0,298.1499938964844,,,,297.8500061035156,,289.6499938964844,31400.0,0.0,,1.0,,,,,547200.0,1.0,,7.0,,,4.0,,,0.0,0.0,,11.0,20.0,,0.0,1.0,,,11.0,20.0,,,0.0,0.0,,4.0,,,,0.0,,
2021-07-18 18:00:00,21.0,240.0,35.0,1.5399999618530273,230.0,2.200000047683716,1.600000023841858,3.5999999046325684,6.690000057220459,8.229999542236328,16.0,0.0,0.0,9.260000228881836,19.0,0.0,0.0,54.0,0.0,50.0,19.0,27.0,44.0,23.0,,101690.0,,,,11.0,5.0,3.0,3.0,2.0,5.0,2.0,1.0,1.0,17.0,15.0,6.0,3.0,0.0,0.0,0.0,0.0,0.0,0.0,0.0,0.0,0.0,42.0,,0.0,,570.0,,,,,18.0,15.0,6.0,3.0,,1560.0,5760.0,295.8500061035156,,,291.04998779296875,296.75,299.8500061035156,289.75,34700.0,0.0,10.0,1.0,1.0,1.0,,1.0,550800.0,1.0,1.0,7.0,21.0,21.0,5.0,10.0,20.0,0.0,0.0,0.0,12.0,24.0,27.0,0.0,1.0,,3.0,12.0,24.0,,27.0,0.0,0.0,0.0,4.0,10.0,,11.0,0.0,2.0,8.0
2021-07-18 19:00:00,22.0,240.0,31.0,1.0299999713897705,220.0,1.7999999523162842,1.5,3.0899999141693115,6.170000076293945,7.71999979019165,,,,,,,,55.0,0.0,51.0,19.0,28.0,45.0,24.0,,101680.0,,,,7.0,4.0,2.0,2.0,2.0,2.0,1.0,1.0,1.0,,,,,0.0,0.0,0.0,0.0,,,0.0,0.0,,34.0,,,,200.0,,,,,,,,,,1020.0,4260.0,294.04998779296875,,,,295.45001220703125,,289.8500061035156,31800.0,0.0,,1.0,,,,,554400.0,1.0,,7.0,,,6.0,,,0.0,0.0,,12.0,24.0,,0.0,1.0,,,12.0,24.0,,,0.0,0.0,,3.0,,,,0.0,,
2021-07-18 20:00:00,25.0,300.0,34.0,1.0299999713897705,230.0,1.5,1.600000023841858,2.569999933242798,5.139999866485596,7.199999809265137,,,,,,,,54.0,0.0,52.0,15.0,26.0,46.0,28.0,,101720.0,,,,7.0,3.0,2.0,2.0,1.0,2.0,1.0,0.0,0.0,,,,,0.0,0.0,0.0,0.0,,,0.0,0.0,,11.0,,,,10.0,,,,,,,,,,420.0,2820.0,292.1499938964844,,,,294.04998779296875,,289.8500061035156,28400.0,0.0,,61.0,,,,,558000.0,1.0,,8.0,,,7.0,,,0.0,0.0,,15.0,24.0,,1.0,2.0,,,15.0,25.0,,,0.0,0.0,,3.0,,,,0.0,,
2021-07-18 21:00:00,22.0,240.0,53.0,1.0299999713897705,230.0,1.2000000476837158,1.5,2.569999933242798,4.630000114440918,6.690000057220459,,,,,,,,50.0,0.0,50.0,7.0,26.0,46.0,27.0,,101760.0,,,,4.0,3.0,2.0,2.0,2.0,1.0,1.0,0.0,1.0,,,,,0.0,0.0,0.0,0.0,0.0,,0.0,0.0,0.0,,,,,0.0,,,,,,,,,,0.0,1320.0,291.1499938964844,,,,292.6499938964844,,289.6499938964844,26300.0,0.0,,1.0,61.0,61.0,,,561600.0,1.0,1.0,7.0,22.0,,5.0,14.0,,0.0,0.0,,12.0,25.0,,0.0,2.0,,,12.0,25.0,,,0.0,0.0,,2.0,13.0,,,0.0,2.0,
2021-07-18 22:00:00,23.0,240.0,58.0,1.0299999713897705,230.0,1.399999976158142,1.5,2.059999942779541,4.119999885559082,6.170000076293945,,,,,,,,50.0,0.0,50.0,9.0,27.0,44.0,24.0,,101780.0,,,,2.0,3.0,2.0,1.0,1.0,1.0,1.0,1.0,0.0,,,,,0.0,0.0,0.0,0.0,,,0.0,0.0,,,,,,0.0,,,,,,,,,,0.0,900.0,290.25,,,,291.95001220703125,,289.54998779296875,21300.0,0.0,,1.0,,,,,565200.0,1.0,,6.0,,,5.0,,,0.0,0.0,,11.0,24.0,,1.0,2.0,,,11.0,25.0,,,0.0,0.0,,2.0,,,,0.0,,
2021-07-18 23:00:00,23.0,120.0,58.0,1.0299999713897705,240.0,1.399999976158142,1.5,2.059999942779541,3.5999999046325684,5.139999866485596,,,,,,,,47.0,0.0,46.0,8.0,27.0,43.0,22.0,,101790.0,,,,3.0,2.0,2.0,1.0,1.0,1.0,2.0,1.0,0.0,,,,,0.0,0.0,0.0,0.0,,,0.0,0.0,,,,,,0.0,,,,,,,,,,0.0,420.0,289.6499938964844,,,,291.25,,289.45001220703125,19300.0,0.0,,1.0,,,,,568800.0,1.0,,4.0,,,3.0,,,0.0,0.0,,7.0,24.0,,1.0,2.0,,,7.0,24.0,,,0.0,0.0,,2.0,,,,0.0,,
2021-07-19 00:00:00,25.0,0.0,64.0,1.0299999713897705,230.0,1.2000000476837158,1.600000023841858,1.5399999618530273,3.5999999046325684,4.630000114440918,3.0,1.0,0.0,,,,,47.0,2.0,44.0,5.0,28.0,44.0,22.0,,101740.0,,,,2.0,1.0,1.0,1.0,1.0,1.0,0.0,0.0,0.0,19.0,10.0,5.0,1.0,0.0,0.0,0.0,0.0,0.0,0.0,0.0,0.0,0.0,,,,,0.0,,,,,,,,,,0.0,0.0,288.95001220703125,,,,290.6499938964844,,289.3500061035156,16800.0,0.0,10.0,1.0,1.0,61.0,61.0,61.0,572400.0,1.0,1.0,3.0,18.0,27.0,4.0,15.0,19.0,0.0,0.0,0.0,7.0,24.0,30.0,1.0,2.0,13.0,3.0,7.0,24.0,39.0,30.0,0.0,0.0,0.0,2.0,6.0,15.0,13.0,0.0,2.0,4.0
2021-07-19 01:00:00,22.0,60.0,57.0,1.0299999713897705,230.0,1.399999976158142,1.600000023841858,1.5399999618530273,3.5999999046325684,4.630000114440918,,,,,,,,46.0,1.0,42.0,7.0,28.0,42.0,20.0,,101730.0,,,,2.0,1.0,1.0,2.0,1.0,1.0,0.0,0.0,0.0,,,,,0.0,0.0,0.0,0.0,,,0.0,0.0,,,,,,0.0,,,,,,,,,,0.0,0.0,288.54998779296875,,,,290.25,,289.25,16900.0,1.0,,1.0,,,,,576000.0,1.0,,3.0,,,4.0,,,0.0,0.0,,7.0,21.0,,1.0,4.0,,,7.0,22.0,,,0.0,0.0,,1.0,,,,0.0,,
2021-07-19 02:00:00,16.0,60.0,67.0,0.5099999904632568,240.0,1.600000023841858,1.7000000476837158,1.5399999618530273,3.5999999046325684,4.119999885559082,,,,,,,,47.0,2.0,43.0,10.0,27.0,41.0,19.0,,101710.0,,,,3.0,1.0,1.0,2.0,2.0,2.0,0.0,0.0,0.0,,,,,0.0,0.0,0.0,0.0,,,0.0,0.0,,,,,,0.0,,,,,,,,,,0.0,0.0,288.25,,,,289.75,,289.1499938964844,14800.0,1.0,,0.0,,,,,579600.0,0.0,,2.0,,,6.0,,,0.0,0.0,,8.0,19.0,,2.0,6.0,,,8.0,20.0,,,0.0,0.0,,0.0,,,,1.0,,
2021-07-19 03:00:00,10.0,60.0,62.0,0.5099999904632568,240.0,1.600000023841858,1.7000000476837158,1.5399999618530273,3.0899999141693115,4.119999885559082,,,,,,,,52.0,2.0,47.0,19.0,28.0,41.0,17.0,,101720.0,,,,2.0,1.0,1.0,1.0,3.0,1.0,1.0,1.0,0.0,,,,,0.0,0.0,0.0,0.0,0.0,,0.0,0.0,0.0,,,,,0.0,,,,,,,,,,0.0,0.0,288.04998779296875,,,,289.45001220703125,,289.04998779296875,13000.0,2.0,,1.0,1.0,1.0,,,583200.0,1.0,1.0,2.0,12.0,,4.0,15.0,,0.0,0.0,,6.0,17.0,,3.0,7.0,,,6.0,17.0,,,0.0,0.0,,0.0,4.0,,,1.0,2.0,
2021-07-19 04:00:00,5.0,60.0,72.0,0.5099999904632568,230.0,1.600000023841858,1.7000000476837158,1.5399999618530273,3.0899999141693115,4.119999885559082,,,,,,,,49.0,3.0,42.0,17.0,35.0,38.0,5.0,,101750.0,,,,3.0,2.0,1.0,1.0,1.0,1.0,0.0,1.0,0.0,,,,,0.0,0.0,0.0,0.0,,,0.0,0.0,,0.0,,,,0.0,,,,,,,,,,360.0,900.0,288.54998779296875,,,,289.54998779296875,,288.95001220703125,12500.0,1.0,,1.0,,,,,586800.0,1.0,,2.0,,,4.0,,,0.0,0.0,,7.0,15.0,,2.0,8.0,,,7.0,17.0,,,0.0,0.0,,0.0,,,,1.0,,
2021-07-19 05:00:00,6.0,60.0,71.0,1.0299999713897705,240.0,1.5,1.600000023841858,1.5399999618530273,3.0899999141693115,4.119999885559082,,,,,,,,49.0,4.0,43.0,19.0,36.0,38.0,3.0,,101750.0,,,,4.0,2.0,1.0,1.0,1.0,1.0,0.0,0.0,0.0,,,,,0.0,0.0,0.0,0.0,,,0.0,0.0,,13.0,,,,80.0,,,,,,,,,,960.0,1800.0,290.1499938964844,,,,290.04998779296875,,289.04998779296875,11900.0,3.0,,1.0,,,,,590400.0,1.0,,3.0,,,5.0,,,0.0,0.0,,8.0,13.0,,2.0,8.0,,,8.0,14.0,,,0.0,0.0,,0.0,,,,1.0,,
2021-07-19 06:00:00,11.0,120.0,68.0,1.0299999713897705,230.0,1.5,1.5,2.059999942779541,3.5999999046325684,4.119999885559082,1.0,0.0,0.0,6.690000057220459,2.0,1.0,0.0,46.0,5.0,40.0,16.0,35.0,36.0,3.0,4.300000190734863,101760.0,94.0,81.0,42.0,4.0,2.0,1.0,1.0,1.0,0.0,1.0,0.0,0.0,9.0,8.0,5.0,1.0,0.0,0.0,0.0,0.0,0.0,0.0,0.0,0.0,0.0,25.0,0.0,0.0,51.0,360.0,36.0,23.0,13.0,5.0,20.0,14.0,8.0,3.0,28800.0,1620.0,2700.0,292.25,287.3500061035156,293.95001220703125,288.54998779296875,291.54998779296875,297.25,289.1499938964844,12800.0,2.0,10.0,1.0,1.0,1.0,,61.0,594000.0,1.0,1.0,3.0,9.0,18.0,5.0,13.0,24.0,0.0,0.0,0.0,8.0,13.0,26.0,1.0,8.0,,10.0,8.0,13.0,,26.0,0.0,0.0,0.0,0.0,2.0,,8.0,1.0,4.0,5.0
2021-07-19 07:00:00,7.0,120.0,57.0,1.0299999713897705,230.0,1.2999999523162842,1.600000023841858,2.059999942779541,4.119999885559082,4.630000114440918,,,,,,,,44.0,4.0,40.0,10.0,38.0,38.0,0.0,,101770.0,,,,4.0,2.0,2.0,1.0,1.0,1.0,1.0,0.0,0.0,,,,,0.0,0.0,0.0,0.0,,,0.0,0.0,,37.0,,,,810.0,23.0,14.0,9.0,9.0,,,,,,2160.0,4200.0,294.95001220703125,,,,293.04998779296875,,289.3500061035156,13900.0,1.0,,1.0,,,,,597600.0,1.0,,2.0,,,5.0,,,0.0,0.0,,8.0,12.0,,2.0,6.0,,,8.0,13.0,,,0.0,0.0,,0.0,,,,1.0,,
2021-07-19 08:00:00,3.0,120.0,53.0,1.0299999713897705,230.0,1.600000023841858,1.5,2.569999933242798,4.630000114440918,4.630000114440918,,,,,,,,44.0,3.0,39.0,12.0,37.0,37.0,0.0,,101770.0,,,,4.0,3.0,2.0,2.0,2.0,1.0,1.0,0.0,0.0,,,,,0.0,0.0,0.0,0.0,,,0.0,0.0,,45.0,,,,1310.0,,,,,,,,,,2400.0,5640.0,297.45001220703125,,,,294.6499938964844,,289.3500061035156,18200.0,1.0,,1.0,,,,,601200.0,1.0,,2.0,,,5.0,,,0.0,0.0,,7.0,12.0,,1.0,5.0,,,7.0,14.0,,,0.0,0.0,,0.0,,,,1.0,,
2021-07-19 09:00:00,5.0,120.0,54.0,1.0299999713897705,240.0,1.899999976158142,1.7000000476837158,3.0899999141693115,5.659999847412109,5.139999866485596,,,,,,,,44.0,2.0,39.0,14.0,35.0,35.0,0.0,,101750.0,,,,3.0,4.0,2.0,2.0,2.0,1.0,0.0,0.0,0.0,,,,,0.0,0.0,0.0,0.0,0.0,,0.0,0.0,0.0,51.0,,,,1820.0,,,,,,,,,,2580.0,7140.0,299.95001220703125,,,,295.95001220703125,,289.54998779296875,21100.0,0.0,,1.0,1.0,1.0,,,604800.0,1.0,1.0,2.0,9.0,,3.0,14.0,,0.0,0.0,,6.0,14.0,,1.0,4.0,,,6.0,14.0,,,0.0,0.0,,0.0,1.0,,,2.0,6.0,
2021-07-19 10:00:00,7.0,60.0,45.0,1.0299999713897705,240.0,2.0999999046325684,1.7999999523162842,3.0899999141693115,5.659999847412109,6.170000076293945,,,,,,,,44.0,1.0,40.0,19.0,29.0,31.0,4.0,,101710.0,,,,2.0,2.0,1.0,3.0,1.0,1.0,0.0,0.0,0.0,,,,,0.0,0.0,0.0,0.0,,,0.0,0.0,,55.0,,,,2200.0,,,,,,,,,,2700.0,7500.0,301.54998779296875,,,,297.04998779296875,,289.45001220703125,23300.0,0.0,,1.0,,,,,608400.0,1.0,,2.0,,,3.0,,,0.0,0.0,,5.0,11.0,,0.0,4.0,,,5.0,16.0,,,0.0,0.0,,0.0,,,,1.0,,
2021-07-19 11:00:00,8.0,60.0,36.0,1.0299999713897705,250.0,2.4000000953674316,2.0,3.5999999046325684,6.690000057220459,7.199999809265137,,,,,,,,49.0,1.0,42.0,27.0,31.0,31.0,0.0,,101690.0,,,,2.0,2.0,3.0,1.0,1.0,1.0,1.0,0.0,0.0,,,,,0.0,0.0,0.0,0.0,,,0.0,0.0,,57.0,,,,2480.0,,,,,,,,,,2700.0,7860.0,302.75,,,,298.1499938964844,,289.3500061035156,28700.0,0.0,,1.0,,,,,612000.0,1.0,,4.0,,,3.0,,,0.0,0.0,,7.0,10.0,,0.0,4.0,,,7.0,17.0,,,0.0,0.0,,0.0,,,,1.0,,
2021-07-19 12:00:00,9.0,60.0,34.0,1.5399999618530273,250.0,2.5,2.0,4.119999885559082,7.71999979019165,7.71999979019165,6.0,0.0,0.0,,,,,50.0,0.0,42.0,27.0,31.0,31.0,0.0,,101650.0,,,,3.0,2.0,1.0,1.0,1.0,1.0,0.0,1.0,0.0,12.0,9.0,5.0,1.0,0.0,0.0,0.0,0.0,0.0,0.0,0.0,0.0,0.0,58.0,,,,2570.0,,,,,,,,,,2760.0,8220.0,303.6499938964844,,,,299.1499938964844,,289.25,24600.0,0.0,10.0,1.0,1.0,1.0,61.0,1.0,615600.0,1.0,1.0,4.0,9.0,15.0,3.0,12.0,20.0,0.0,0.0,0.0,7.0,12.0,22.0,0.0,3.0,11.0,9.0,7.0,12.0,35.0,22.0,0.0,0.0,0.0,1.0,1.0,15.0,3.0,1.0,6.0,7.0
2021-07-19 13:00:00,14.0,60.0,35.0,1.5399999618530273,250.0,2.700000047683716,1.7999999523162842,4.119999885559082,7.71999979019165,8.229999542236328,,,,,,,,49.0,0.0,40.0,27.0,30.0,30.0,0.0,,101620.0,,,,3.0,2.0,1.0,1.0,1.0,0.0,1.0,1.0,0.0,,,,,0.0,0.0,0.0,0.0,,,0.0,0.0,,59.0,,,,2560.0,,,,,,,,,,2640.0,8100.0,303.6499938964844,,,,299.6499938964844,,289.1499938964844,26500.0,0.0,,1.0,,,,,619200.0,1.0,,4.0,,,2.0,,,0.0,0.0,,7.0,9.0,,0.0,3.0,,,7.0,18.0,,,0.0,0.0,,2.0,,,,1.0,,
2021-07-19 14:00:00,16.0,120.0,31.0,1.5399999618530273,250.0,2.799999952316284,1.7999999523162842,4.630000114440918,7.71999979019165,8.229999542236328,,,,,,,,39.0,0.0,32.0,12.0,30.0,31.0,2.0,,101590.0,,,,2.0,2.0,1.0,1.0,1.0,1.0,0.0,1.0,0.0,,,,,0.0,0.0,0.0,0.0,,,0.0,0.0,,59.0,,,,2390.0,,,,,,,,,,2820.0,7980.0,303.1499938964844,,,,300.25,,289.1499938964844,31000.0,0.0,,1.0,,,,,622800.0,1.0,,5.0,,,2.0,,,0.0,0.0,,7.0,9.0,,0.0,2.0,,,7.0,18.0,,,0.0,0.0,,2.0,,,,1.0,,
2021-07-19 15:00:00,11.0,60.0,30.0,1.0299999713897705,260.0,2.700000047683716,2.0,4.630000114440918,7.71999979019165,8.229999542236328,,,,,,,,40.0,0.0,32.0,12.0,28.0,31.0,4.0,,101560.0,,,,4.0,3.0,2.0,2.0,1.0,1.0,1.0,0.0,1.0,,,,,0.0,0.0,0.0,0.0,0.0,,0.0,0.0,0.0,60.0,,,,2130.0,,,,,,,,,,2760.0,7860.0,302.6499938964844,,,,300.25,,289.54998779296875,31400.0,0.0,,1.0,1.0,1.0,,,626400.0,1.0,1.0,5.0,13.0,,2.0,9.0,,0.0,0.0,,8.0,13.0,,0.0,1.0,,,8.0,13.0,,,0.0,0.0,,2.0,4.0,,,0.0,3.0,
2021-07-19 16:00:00,12.0,60.0,30.0,1.5399999618530273,250.0,2.700000047683716,1.7999999523162842,4.630000114440918,7.71999979019165,8.229999542236328,,,,,,,,44.0,0.0,36.0,19.0,26.0,30.0,5.0,,101560.0,,,,4.0,3.0,4.0,2.0,2.0,1.0,1.0,0.0,0.0,,,,,0.0,0.0,0.0,0.0,,,0.0,0.0,,58.0,,,,1670.0,,,,,,,,,,2700.0,7680.0,301.6499938964844,,,,300.1499938964844,,289.54998779296875,33200.0,0.0,,1.0,,,,,630000.0,1.0,,6.0,,,2.0,,,0.0,0.0,,8.0,11.0,,0.0,1.0,,,8.0,18.0,,,0.0,0.0,,3.0,,,,0.0,,
2021-07-19 17:00:00,12.0,60.0,27.0,1.5399999618530273,250.0,2.799999952316284,1.5,4.630000114440918,7.199999809265137,8.229999542236328,,,,,,,,41.0,0.0,34.0,14.0,24.0,31.0,9.0,,101540.0,,,,4.0,3.0,4.0,2.0,2.0,2.0,1.0,1.0,1.0,,,,,0.0,0.0,0.0,0.0,,,0.0,0.0,,53.0,,,,1140.0,,,,,,,,,,2400.0,7560.0,300.04998779296875,,,,299.6499938964844,,289.75,34300.0,0.0,,1.0,,,,,633600.0,1.0,,6.0,,,3.0,,,0.0,0.0,,9.0,13.0,,0.0,1.0,,,9.0,18.0,,,0.0,0.0,,4.0,,,,0.0,,
2021-07-19 18:00:00,15.0,120.0,28.0,1.0299999713897705,240.0,2.700000047683716,1.7000000476837158,4.119999885559082,7.199999809265137,8.229999542236328,16.0,0.0,0.0,9.260000228881836,16.0,1.0,0.0,40.0,0.0,33.0,12.0,23.0,31.0,11.0,,101560.0,,,,5.0,5.0,4.0,3.0,3.0,2.0,2.0,1.0,1.0,13.0,9.0,6.0,2.0,0.0,0.0,0.0,0.0,0.0,0.0,0.0,0.0,0.0,49.0,,0.0,,660.0,,,,,23.0,15.0,8.0,3.0,,2100.0,7440.0,297.3500061035156,,,291.3500061035156,298.45001220703125,301.1499938964844,290.04998779296875,34700.0,0.0,10.0,1.0,1.0,1.0,,1.0,637200.0,1.0,1.0,6.0,17.0,22.0,3.0,9.0,18.0,0.0,0.0,0.0,10.0,17.0,24.0,0.0,1.0,,4.0,10.0,17.0,,24.0,0.0,0.0,0.0,3.0,8.0,,9.0,0.0,2.0,6.0
2021-07-19 19:00:00,18.0,60.0,32.0,1.0299999713897705,240.0,2.299999952316284,1.899999976158142,3.0899999141693115,6.170000076293945,7.71999979019165,,,,,,,,39.0,0.0,33.0,12.0,22.0,31.0,12.0,,101550.0,,,,5.0,4.0,5.0,3.0,3.0,3.0,1.0,1.0,1.0,,,,,0.0,0.0,0.0,0.0,,,0.0,0.0,,36.0,,,,200.0,,,,,,,,,,1380.0,5520.0,294.95001220703125,,,,296.45001220703125,,290.45001220703125,34300.0,0.0,,1.0,,,,,640800.0,1.0,,6.0,,,4.0,,,0.0,0.0,,9.0,16.0,,0.0,1.0,,,9.0,17.0,,,0.0,0.0,,3.0,,,,0.0,,
2021-07-19 20:00:00,16.0,60.0,36.0,1.0299999713897705,240.0,1.899999976158142,1.5,2.569999933242798,5.139999866485596,6.690000057220459,,,,,,,,38.0,0.0,32.0,9.0,21.0,32.0,14.0,,101590.0,,,,4.0,4.0,5.0,3.0,3.0,2.0,1.0,2.0,1.0,,,,,0.0,0.0,0.0,0.0,,,0.0,0.0,,14.0,,,,10.0,,,,,,,,,,660.0,3600.0,292.75,,,,294.95001220703125,,290.54998779296875,29900.0,0.0,,1.0,,,,,644400.0,1.0,,5.0,,,4.0,,,0.0,0.0,,9.0,17.0,,1.0,2.0,,,9.0,17.0,,,0.0,0.0,,3.0,,,,0.0,,
2021-07-19 21:00:00,18.0,180.0,63.0,1.0299999713897705,240.0,1.7000000476837158,1.5,2.059999942779541,4.119999885559082,6.170000076293945,,,,,,,,37.0,0.0,33.0,8.0,20.0,32.0,14.0,,101620.0,,,,5.0,3.0,3.0,3.0,3.0,2.0,1.0,1.0,1.0,,,,,0.0,0.0,0.0,0.0,0.0,,0.0,0.0,0.0,,,,,0.0,,,,,,,,,,0.0,1680.0,291.3500061035156,,,,293.45001220703125,,289.95001220703125,25200.0,0.0,,1.0,1.0,1.0,,,648000.0,1.0,1.0,5.0,18.0,,4.0,11.0,,0.0,0.0,,8.0,18.0,,0.0,2.0,,,8.0,18.0,,,0.0,0.0,,3.0,10.0,,,1.0,2.0,
2021-07-19 22:00:00,20.0,180.0,79.0,1.0299999713897705,280.0,1.7000000476837158,1.399999976158142,2.059999942779541,3.5999999046325684,5.659999847412109,,,,,,,,36.0,0.0,33.0,6.0,20.0,31.0,14.0,,101640.0,,,,4.0,2.0,3.0,2.0,2.0,3.0,1.0,1.0,0.0,,,,,0.0,0.0,0.0,0.0,,,0.0,0.0,,,,,,0.0,,,,,,,,,,0.0,1140.0,290.45001220703125,,,,292.54998779296875,,290.3500061035156,23000.0,0.0,,1.0,,,,,651600.0,1.0,,4.0,,,4.0,,,0.0,0.0,,8.0,17.0,,0.0,2.0,,,8.0,17.0,,,0.0,0.0,,3.0,,,,0.0,,
2021-07-19 23:00:00,6.0,60.0,78.0,0.5099999904632568,290.0,1.7000000476837158,1.5,1.5399999618530273,3.5999999046325684,4.630000114440918,,,,,,,,36.0,0.0,32.0,5.0,19.0,32.0,16.0,,101660.0,,,,3.0,2.0,3.0,2.0,2.0,2.0,1.0,1.0,0.0,,,,,0.0,0.0,0.0,0.0,,,0.0,0.0,,,,,,0.0,,,,,,,,,,0.0,540.0,290.04998779296875,,,,291.95001220703125,,289.75,20900.0,0.0,,1.0,,,,,655200.0,1.0,,3.0,,,4.0,,,0.0,0.0,,7.0,17.0,,1.0,2.0,,,7.0,16.0,,,0.0,0.0,,2.0,,,,0.0,,
2021-07-20 00:00:00,22.0,60.0,94.0,1.0299999713897705,280.0,1.600000023841858,1.399999976158142,1.5399999618530273,3.0899999141693115,4.119999885559082,4.0,1.0,0.0,,,,,37.0,2.0,36.0,6.0,20.0,32.0,15.0,,101650.0,,,,3.0,2.0,1.0,1.0,0.0,0.0,0.0,0.0,0.0,14.0,9.0,6.0,2.0,0.0,0.0,0.0,0.0,0.0,0.0,0.0,0.0,0.0,,,,,0.0,,,,,,,,,,0.0,0.0,289.75,,,,291.3500061035156,,289.54998779296875,16400.0,0.0,10.0,1.0,1.0,1.0,1.0,1.0,658800.0,1.0,1.0,2.0,15.0,26.0,4.0,13.0,17.0,0.0,0.0,0.0,6.0,15.0,25.0,1.0,2.0,12.0,3.0,6.0,15.0,36.0,26.0,0.0,0.0,0.0,2.0,7.0,13.0,12.0,0.0,2.0,3.0
2021-07-20 01:00:00,36.0,0.0,82.0,0.5099999904632568,270.0,1.600000023841858,1.399999976158142,1.5399999618530273,3.0899999141693115,4.119999885559082,,,,,,,,37.0,3.0,36.0,6.0,21.0,33.0,15.0,,101610.0,,,,3.0,2.0,1.0,1.0,0.0,0.0,0.0,0.0,0.0,,,,,0.0,0.0,0.0,0.0,,,0.0,0.0,,,,,,0.0,,,,,,,,,,0.0,0.0,289.54998779296875,,,,290.6499938964844,,289.1499938964844,12700.0,1.0,,1.0,,,,,662400.0,1.0,,2.0,,,4.0,,,0.0,0.0,,7.0,15.0,,1.0,3.0,,,7.0,14.0,,,0.0,0.0,,1.0,,,,1.0,,
2021-07-20 02:00:00,19.0,0.0,89.0,1.0299999713897705,270.0,1.600000023841858,1.399999976158142,1.5399999618530273,3.0899999141693115,3.5999999046325684,,,,,,,,32.0,4.0,32.0,1.0,21.0,32.0,14.0,,101610.0,,,,3.0,2.0,1.0,1.0,1.0,1.0,0.0,0.0,0.0,,,,,0.0,0.0,0.0,0.0,,,0.0,0.0,,,,,,0.0,,,,,,,,,,0.0,0.0,288.8500061035156,,,,290.04998779296875,,289.04998779296875,11400.0,1.0,,1.0,,,,,666000.0,1.0,,2.0,,,4.0,,,0.0,0.0,,6.0,14.0,,2.0,5.0,,,6.0,14.0,,,0.0,0.0,,0.0,,,,1.0,,
2021-07-20 03:00:00,71.0,60.0,83.0,0.5099999904632568,270.0,1.600000023841858,1.399999976158142,1.5399999618530273,2.569999933242798,3.5999999046325684,,,,,,,,33.0,4.0,31.0,3.0,24.0,31.0,10.0,,101610.0,,,,2.0,2.0,1.0,1.0,1.0,0.0,1.0,1.0,0.0,,,,,0.0,0.0,0.0,0.0,0.0,,0.0,0.0,0.0,,,,,0.0,,,,,,,,,,0.0,0.0,288.75,,,,289.8500061035156,,288.6499938964844,12000.0,2.0,,1.0,1.0,1.0,,,669600.0,1.0,1.0,2.0,10.0,,4.0,13.0,,0.0,0.0,,6.0,13.0,,2.0,6.0,,,6.0,13.0,,,0.0,0.0,,0.0,5.0,,,1.0,2.0,
2021-07-20 04:00:00,18.0,120.0,78.0,0.5099999904632568,270.0,1.600000023841858,1.399999976158142,1.5399999618530273,2.569999933242798,3.5999999046325684,,,,,,,,36.0,4.0,36.0,5.0,26.0,33.0,10.0,,101600.0,,,,3.0,2.0,2.0,1.0,1.0,1.0,1.0,1.0,0.0,,,,,0.0,0.0,0.0,0.0,,,0.0,0.0,,0.0,,,,0.0,,,,,,,,,,360.0,1020.0,289.25,,,,289.95001220703125,,289.25,13700.0,3.0,,1.0,,,,,673200.0,1.0,,2.0,,,4.0,,,0.0,0.0,,6.0,13.0,,2.0,7.0,,,6.0,12.0,,,0.0,0.0,,0.0,,,,1.0,,
2021-07-20 05:00:00,359.0,120.0,64.0,0.5099999904632568,280.0,1.399999976158142,1.2000000476837158,1.5399999618530273,2.569999933242798,3.5999999046325684,,,,,,,,37.0,4.0,37.0,8.0,29.0,32.0,5.0,,101610.0,,,,5.0,3.0,2.0,2.0,1.0,1.0,0.0,1.0,0.0,,,,,0.0,0.0,0.0,0.0,,,0.0,0.0,,15.0,,,,90.0,,,,,,,,,,1140.0,2040.0,290.3500061035156,,,,290.25,,289.3500061035156,15000.0,2.0,,1.0,,,,,676800.0,1.0,,3.0,,,5.0,,,0.0,0.0,,7.0,13.0,,2.0,8.0,,,7.0,12.0,,,0.0,0.0,,0.0,,,,1.0,,
2021-07-20 06:00:00,14.0,120.0,72.0,0.5099999904632568,280.0,1.5,1.2000000476837158,1.5399999618530273,3.5999999046325684,3.5999999046325684,1.0,0.0,0.0,7.199999809265137,5.0,1.0,0.0,37.0,5.0,37.0,8.0,29.0,32.0,4.0,6.599999904632568,101620.0,99.0,81.0,61.0,2.0,2.0,1.0,1.0,1.0,1.0,0.0,0.0,0.0,11.0,7.0,3.0,0.0,0.0,0.0,0.0,0.0,0.0,0.0,0.0,0.0,0.0,30.0,0.0,0.0,61.0,410.0,32.0,21.0,10.0,6.0,22.0,13.0,6.0,2.0,34200.0,1980.0,3060.0,292.54998779296875,287.04998779296875,294.54998779296875,288.8500061035156,291.8500061035156,298.75,289.6499938964844,17200.0,2.0,10.0,1.0,1.0,1.0,,1.0,680400.0,1.0,1.0,3.0,9.0,20.0,4.0,13.0,20.0,0.0,0.0,0.0,7.0,13.0,20.0,2.0,8.0,,10.0,7.0,13.0,,20.0,0.0,0.0,0.0,0.0,2.0,,7.0,2.0,4.0,6.0
2021-07-20 07:00:00,352.0,120.0,66.0,1.0299999713897705,280.0,2.299999952316284,2.0999999046325684,2.059999942779541,3.5999999046325684,4.119999885559082,,,,,,,,38.0,4.0,36.0,12.0,28.0,30.0,2.0,,101590.0,,,,2.0,2.0,1.0,1.0,1.0,1.0,0.0,0.0,0.0,,,,,0.0,0.0,0.0,0.0,,,0.0,0.0,,42.0,,,,920.0,34.0,17.0,8.0,7.0,,,,,,2460.0,4620.0,295.25,,,,293.1499938964844,,289.6499938964844,21800.0,1.0,,1.0,,,,,684000.0,1.0,,3.0,,,4.0,,,0.0,0.0,,7.0,13.0,,1.0,7.0,,,7.0,11.0,,,0.0,0.0,,0.0,,,,1.0,,
2021-07-20 08:00:00,341.0,120.0,64.0,1.0299999713897705,280.0,2.4000000953674316,1.899999976158142,2.059999942779541,4.119999885559082,4.630000114440918,,,,,,,,38.0,3.0,32.0,12.0,28.0,30.0,2.0,,101580.0,,,,3.0,2.0,2.0,1.0,1.0,1.0,0.0,0.0,0.0,,,,,0.0,0.0,0.0,0.0,,,0.0,0.0,,49.0,,,,1440.0,,,,,,,,,,2760.0,6120.0,297.25,,,,294.75,,289.8500061035156,23200.0,0.0,,1.0,,,,,687600.0,1.0,,3.0,,,4.0,,,0.0,0.0,,7.0,13.0,,0.0,5.0,,,7.0,11.0,,,0.0,0.0,,0.0,,,,1.0,,
2021-07-20 09:00:00,353.0,0.0,55.0,1.0299999713897705,250.0,2.5999999046325684,1.899999976158142,2.569999933242798,4.630000114440918,5.139999866485596,,,,,,,,38.0,2.0,31.0,13.0,26.0,29.0,3.0,,101550.0,,,,3.0,3.0,2.0,1.0,1.0,2.0,0.0,0.0,0.0,,,,,0.0,0.0,0.0,0.0,0.0,,0.0,0.0,0.0,55.0,,,,1960.0,,,,,,,,,,2820.0,7680.0,299.6499938964844,,,,296.3500061035156,,289.95001220703125,26200.0,0.0,,1.0,1.0,1.0,,,691200.0,1.0,1.0,3.0,8.0,,4.0,13.0,,0.0,0.0,,7.0,13.0,,0.0,4.0,,,7.0,13.0,,,0.0,0.0,,0.0,1.0,,,1.0,6.0,
2021-07-20 10:00:00,358.0,0.0,62.0,1.0299999713897705,260.0,2.799999952316284,2.0,2.569999933242798,5.139999866485596,5.659999847412109,,,,,,,,38.0,1.0,29.0,16.0,23.0,26.0,3.0,,101540.0,,,,2.0,4.0,2.0,1.0,1.0,1.0,0.0,0.0,0.0,,,,,0.0,0.0,0.0,0.0,,,0.0,0.0,,59.0,,,,2380.0,,,,,,,,,,2940.0,8100.0,301.54998779296875,,,,297.6499938964844,,289.95001220703125,26900.0,0.0,,1.0,,,,,694800.0,1.0,,3.0,,,4.0,,,0.0,0.0,,7.0,12.0,,0.0,3.0,,,7.0,12.0,,,0.0,0.0,,0.0,,,,1.0,,
2021-07-20 11:00:00,358.0,0.0,61.0,1.0299999713897705,260.0,2.9000000953674316,2.0,3.0899999141693115,5.659999847412109,6.170000076293945,,,,,,,,37.0,0.0,29.0,15.0,24.0,27.0,4.0,,101520.0,,,,2.0,2.0,1.0,1.0,1.0,1.0,0.0,0.0,0.0,,,,,0.0,0.0,0.0,0.0,,,0.0,0.0,,61.0,,,,2630.0,,,,,,,,,,2940.0,8520.0,302.6499938964844,,,,298.54998779296875,,290.04998779296875,31100.0,0.0,,1.0,,,,,698400.0,1.0,,3.0,,,4.0,,,0.0,0.0,,7.0,11.0,,0.0,2.0,,,7.0,13.0,,,0.0,0.0,,0.0,,,,1.0,,
2021-07-20 12:00:00,6.0,0.0,58.0,1.0299999713897705,250.0,3.0,2.200000047683716,3.0899999141693115,6.170000076293945,6.690000057220459,3.0,0.0,0.0,,,,,38.0,0.0,30.0,13.0,23.0,28.0,7.0,,101470.0,,,,3.0,2.0,1.0,1.0,1.0,1.0,1.0,1.0,0.0,12.0,6.0,3.0,2.0,0.0,0.0,0.0,0.0,0.0,0.0,0.0,0.0,0.0,62.0,,,,2760.0,,,,,,,,,,2880.0,9000.0,303.54998779296875,,,,299.75,,289.95001220703125,31500.0,0.0,10.0,1.0,1.0,1.0,1.0,1.0,702000.0,1.0,1.0,4.0,11.0,16.0,3.0,12.0,20.0,0.0,0.0,0.0,8.0,11.0,19.0,0.0,2.0,10.0,10.0,8.0,12.0,30.0,20.0,0.0,0.0,0.0,1.0,1.0,15.0,3.0,1.0,5.0,6.0
2021-07-20 13:00:00,1.0,0.0,48.0,1.0299999713897705,260.0,3.0999999046325684,2.0999999046325684,3.5999999046325684,6.690000057220459,6.690000057220459,,,,,,,,38.0,0.0,30.0,15.0,21.0,27.0,8.0,,101430.0,,,,3.0,2.0,1.0,1.0,1.0,1.0,1.0,1.0,0.0,,,,,0.0,0.0,0.0,0.0,,,0.0,0.0,,62.0,,,,2700.0,,,,,,,,,,2940.0,8820.0,303.54998779296875,,,,300.25,,290.1499938964844,31100.0,0.0,,1.0,,,,,705600.0,1.0,,5.0,,,3.0,,,0.0,0.0,,8.0,10.0,,0.0,2.0,,,8.0,14.0,,,0.0,0.0,,2.0,,,,1.0,,
2021-07-20 14:00:00,13.0,0.0,61.0,1.0299999713897705,240.0,3.200000047683716,2.0999999046325684,3.5999999046325684,6.690000057220459,7.199999809265137,,,,,,,,39.0,0.0,31.0,16.0,20.0,27.0,8.0,,101400.0,,,,3.0,3.0,2.0,2.0,2.0,1.0,1.0,1.0,0.0,,,,,0.0,0.0,0.0,0.0,,,0.0,0.0,,62.0,,,,2500.0,,,,,,,,,,2820.0,8640.0,303.25,,,,300.54998779296875,,290.04998779296875,31100.0,0.0,,1.0,,,,,709200.0,1.0,,6.0,,,3.0,,,0.0,0.0,,9.0,11.0,,0.0,2.0,,,9.0,14.0,,,0.0,0.0,,2.0,,,,1.0,,
2021-07-20 15:00:00,6.0,60.0,54.0,1.0299999713897705,240.0,3.200000047683716,2.200000047683716,4.119999885559082,6.690000057220459,7.71999979019165,,,,,,,,37.0,0.0,30.0,14.0,19.0,27.0,10.0,,101370.0,,,,4.0,3.0,1.0,2.0,2.0,1.0,1.0,1.0,1.0,,,,,0.0,0.0,0.0,0.0,0.0,,0.0,0.0,0.0,61.0,,,,2160.0,,,,,,,,,,2940.0,8520.0,302.45001220703125,,,,300.54998779296875,,289.95001220703125,35300.0,0.0,,1.0,1.0,1.0,,,712800.0,1.0,1.0,6.0,14.0,,3.0,11.0,,0.0,0.0,,9.0,14.0,,0.0,1.0,,,9.0,14.0,,,0.0,0.0,,2.0,5.0,,,0.0,4.0,
2021-07-20 16:00:00,8.0,120.0,52.0,1.0299999713897705,240.0,3.299999952316284,2.200000047683716,4.119999885559082,7.199999809265137,7.71999979019165,,,,,,,,37.0,0.0,30.0,13.0,18.0,28.0,12.0,,101350.0,,,,4.0,3.0,3.0,2.0,2.0,1.0,1.0,1.0,1.0,,,,,0.0,0.0,0.0,0.0,,,0.0,0.0,,58.0,,,,1660.0,,,,,,,,,,2640.0,8160.0,301.45001220703125,,,,300.1499938964844,,290.04998779296875,36300.0,0.0,,1.0,,,,,716400.0,1.0,,7.0,,,3.0,,,0.0,0.0,,10.0,12.0,,0.0,1.0,,,10.0,17.0,,,0.0,0.0,,3.0,,,,0.0,,
2021-07-20 17:00:00,12.0,120.0,49.0,1.5399999618530273,240.0,3.200000047683716,2.200000047683716,3.5999999046325684,6.690000057220459,7.71999979019165,,,,,,,,38.0,0.0,31.0,13.0,18.0,29.0,13.0,,101350.0,,,,4.0,3.0,3.0,2.0,2.0,1.0,2.0,1.0,1.0,,,,,0.0,0.0,0.0,0.0,,,0.0,0.0,,56.0,,,,1190.0,,,,,,,,,,2460.0,7800.0,299.95001220703125,,,,299.54998779296875,,290.25,35900.0,0.0,,1.0,,,,,720000.0,1.0,,7.0,,,4.0,,,0.0,0.0,,11.0,13.0,,0.0,1.0,,,11.0,18.0,,,0.0,0.0,,3.0,,,,0.0,,
2021-07-20 18:00:00,18.0,120.0,47.0,1.0299999713897705,270.0,3.0999999046325684,2.0,3.0899999141693115,6.170000076293945,7.71999979019165,10.0,0.0,0.0,8.229999542236328,11.0,0.0,0.0,40.0,0.0,33.0,14.0,16.0,30.0,16.0,,101370.0,,,,5.0,5.0,4.0,2.0,2.0,1.0,2.0,1.0,1.0,17.0,11.0,7.0,4.0,0.0,0.0,0.0,0.0,0.0,0.0,0.0,0.0,0.0,49.0,,0.0,,660.0,,,,,23.0,14.0,8.0,4.0,,2040.0,7440.0,297.45001220703125,,,291.8500061035156,298.3500061035156,301.95001220703125,290.54998779296875,36700.0,0.0,10.0,1.0,1.0,1.0,,1.0,723600.0,1.0,1.0,8.0,18.0,21.0,4.0,11.0,20.0,0.0,0.0,0.0,12.0,18.0,21.0,0.0,1.0,,3.0,12.0,18.0,,21.0,0.0,0.0,0.0,3.0,8.0,,9.0,0.0,2.0,5.0
2021-07-20 19:00:00,23.0,180.0,48.0,1.0299999713897705,270.0,2.700000047683716,1.899999976158142,2.569999933242798,5.139999866485596,7.199999809265137,,,,,,,,37.0,0.0,32.0,12.0,16.0,29.0,16.0,,101400.0,,,,5.0,6.0,3.0,3.0,2.0,2.0,2.0,1.0,1.0,,,,,0.0,0.0,0.0,0.0,,,0.0,0.0,,38.0,,,,210.0,,,,,,,,,,1260.0,5580.0,295.45001220703125,,,,296.8500061035156,,290.95001220703125,34400.0,0.0,,1.0,,,,,727200.0,1.0,,7.0,,,5.0,,,0.0,0.0,,12.0,14.0,,0.0,1.0,,,12.0,22.0,,,0.0,0.0,,3.0,,,,0.0,,
2021-07-20 20:00:00,23.0,120.0,49.0,1.0299999713897705,270.0,2.4000000953674316,1.7999999523162842,2.059999942779541,4.630000114440918,6.170000076293945,,,,,,,,37.0,0.0,33.0,8.0,13.0,31.0,22.0,,101440.0,,,,5.0,5.0,4.0,3.0,3.0,2.0,1.0,1.0,1.0,,,,,0.0,0.0,0.0,0.0,,,0.0,0.0,,14.0,,,,10.0,,,,,,,,,,600.0,3720.0,293.6499938964844,,,,295.25,,291.04998779296875,29400.0,0.0,,1.0,,,,,730800.0,1.0,,7.0,,,5.0,,,0.0,0.0,,12.0,14.0,,1.0,2.0,,,12.0,23.0,,,0.0,0.0,,3.0,,,,1.0,,
2021-07-20 21:00:00,19.0,180.0,62.0,1.0299999713897705,280.0,2.200000047683716,1.7000000476837158,2.059999942779541,4.119999885559082,5.659999847412109,,,,,,,,37.0,0.0,36.0,8.0,12.0,31.0,22.0,,101480.0,,,,5.0,5.0,3.0,3.0,2.0,2.0,1.0,1.0,1.0,,,,,0.0,0.0,0.0,0.0,0.0,,0.0,0.0,0.0,,,,,0.0,,,,,,,,,,0.0,1800.0,292.1499938964844,,,,293.95001220703125,,290.95001220703125,23600.0,0.0,,1.0,1.0,1.0,,,734400.0,1.0,1.0,6.0,20.0,,6.0,13.0,,0.0,0.0,,12.0,20.0,,0.0,2.0,,,12.0,20.0,,,0.0,0.0,,3.0,10.0,,,1.0,1.0,
2021-07-20 22:00:00,20.0,120.0,78.0,1.0299999713897705,300.0,2.200000047683716,1.7000000476837158,1.5399999618530273,3.5999999046325684,5.139999866485596,,,,,,,,37.0,0.0,36.0,10.0,12.0,30.0,20.0,,101470.0,,,,6.0,4.0,3.0,2.0,2.0,2.0,1.0,1.0,1.0,,,,,0.0,0.0,0.0,0.0,,,0.0,0.0,,,,,,0.0,,,,,,,,,,0.0,1200.0,291.6499938964844,,,,293.04998779296875,,290.75,21500.0,0.0,,1.0,,,,,738000.0,1.0,,4.0,,,6.0,,,0.0,0.0,,11.0,15.0,,0.0,2.0,,,11.0,24.0,,,0.0,0.0,,2.0,,,,1.0,,
2021-07-20 23:00:00,10.0,120.0,88.0,0.5099999904632568,300.0,2.200000047683716,1.7999999523162842,1.5399999618530273,3.0899999141693115,4.630000114440918,,,,,,,,38.0,0.0,37.0,10.0,13.0,32.0,21.0,,101470.0,,,,5.0,4.0,3.0,1.0,2.0,2.0,1.0,1.0,1.0,,,,,0.0,0.0,0.0,0.0,,,0.0,0.0,,,,,,0.0,,,,,,,,,,0.0,600.0,290.95001220703125,,,,292.45001220703125,,290.54998779296875,19900.0,0.0,,1.0,,,,,741600.0,1.0,,3.0,,,6.0,,,0.0,0.0,,10.0,15.0,,1.0,2.0,,,10.0,24.0,,,0.0,0.0,,2.0,,,,0.0,,
2021-07-21 00:00:00,3.0,120.0,90.0,1.0299999713897705,300.0,2.0999999046325684,1.7000000476837158,1.5399999618530273,3.0899999141693115,4.119999885559082,4.0,1.0,0.0,,,,,37.0,1.0,36.0,7.0,13.0,33.0,22.0,,101480.0,,,,6.0,4.0,2.0,2.0,2.0,2.0,2.0,0.0,0.0,23.0,16.0,7.0,3.0,0.0,0.0,0.0,0.0,0.0,0.0,0.0,0.0,0.0,,,,,0.0,,,,,,,,,,0.0,0.0,290.95001220703125,,,,292.04998779296875,,290.54998779296875,17400.0,0.0,10.0,1.0,1.0,1.0,1.0,1.0,745200.0,1.0,1.0,2.0,19.0,25.0,6.0,19.0,22.0,0.0,0.0,0.0,9.0,19.0,25.0,1.0,2.0,13.0,3.0,9.0,19.0,33.0,25.0,0.0,0.0,0.0,2.0,8.0,18.0,16.0,0.0,2.0,3.0
2021-07-21 01:00:00,327.0,120.0,90.0,0.5099999904632568,300.0,2.0999999046325684,1.899999976158142,1.5399999618530273,3.0899999141693115,4.119999885559082,,,,,,,,38.0,3.0,38.0,7.0,15.0,34.0,22.0,,101480.0,,,,8.0,7.0,5.0,4.0,3.0,3.0,2.0,0.0,0.0,,,,,0.0,0.0,0.0,0.0,,,0.0,0.0,,,,,,0.0,,,,,,,,,,0.0,0.0,290.6499938964844,,,,290.8500061035156,,290.1499938964844,14100.0,1.0,,1.0,,,,,748800.0,1.0,,2.0,,,7.0,,,0.0,0.0,,9.0,17.0,,1.0,3.0,,,9.0,22.0,,,0.0,0.0,,1.0,,,,1.0,,
2021-07-21 02:00:00,189.0,240.0,81.0,0.5099999904632568,300.0,2.0999999046325684,1.7999999523162842,1.5399999618530273,3.0899999141693115,3.5999999046325684,,,,,,,,40.0,3.0,40.0,8.0,15.0,35.0,24.0,,101490.0,,,,7.0,4.0,5.0,4.0,3.0,3.0,2.0,0.0,0.0,,,,,0.0,0.0,0.0,0.0,,,0.0,0.0,,,,,,0.0,,,,,,,,,,0.0,0.0,290.3500061035156,,,,290.3500061035156,,289.95001220703125,12600.0,1.0,,1.0,,,,,752400.0,1.0,,2.0,,,8.0,,,0.0,0.0,,10.0,18.0,,2.0,4.0,,,10.0,21.0,,,0.0,0.0,,0.0,,,,1.0,,
2021-07-21 03:00:00,185.0,240.0,75.0,0.5099999904632568,310.0,2.0,1.7999999523162842,1.5399999618530273,3.0899999141693115,3.5999999046325684,,,,,,,,42.0,4.0,41.0,9.0,17.0,36.0,23.0,,101480.0,,,,8.0,5.0,4.0,3.0,1.0,3.0,1.0,1.0,0.0,,,,,0.0,0.0,0.0,0.0,0.0,,0.0,0.0,0.0,,,,,0.0,,,,,,,,,,0.0,0.0,290.1499938964844,,,,290.04998779296875,,289.8500061035156,12900.0,2.0,,1.0,1.0,1.0,,,756000.0,1.0,1.0,2.0,12.0,,8.0,20.0,,0.0,0.0,,10.0,20.0,,2.0,5.0,,,10.0,20.0,,,0.0,0.0,,0.0,4.0,,,1.0,2.0,
2021-07-21 04:00:00,187.0,180.0,76.0,0.5099999904632568,310.0,2.0,1.7000000476837158,1.5399999618530273,3.0899999141693115,3.5999999046325684,,,,,,,,44.0,3.0,42.0,11.0,19.0,37.0,22.0,,101490.0,,,,8.0,4.0,4.0,2.0,1.0,1.0,1.0,1.0,0.0,,,,,0.0,0.0,0.0,0.0,,,0.0,0.0,,0.0,,,,0.0,,,,,,,,,,360.0,900.0,290.54998779296875,,,,290.1499938964844,,289.8500061035156,14100.0,2.0,,1.0,,,,,759600.0,1.0,,2.0,,,8.0,,,0.0,0.0,,11.0,19.0,,2.0,5.0,,,11.0,18.0,,,0.0,0.0,,0.0,,,,1.0,,
2021-07-21 05:00:00,193.0,180.0,73.0,0.5099999904632568,310.0,1.7000000476837158,1.600000023841858,1.5399999618530273,3.0899999141693115,4.119999885559082,,,,,,,,45.0,3.0,40.0,16.0,20.0,35.0,19.0,,101480.0,,,,7.0,4.0,3.0,2.0,2.0,2.0,1.0,1.0,0.0,,,,,0.0,0.0,0.0,0.0,,,0.0,0.0,,12.0,,,,70.0,,,,,,,,,,1020.0,1800.0,291.75,,,,290.8500061035156,,290.25,16600.0,2.0,,1.0,,,,,763200.0,1.0,,3.0,,,8.0,,,0.0,0.0,,11.0,19.0,,3.0,5.0,,,11.0,17.0,,,0.0,0.0,,0.0,,,,2.0,,
2021-07-21 06:00:00,197.0,180.0,80.0,0.5099999904632568,310.0,1.7000000476837158,1.5,2.059999942779541,3.5999999046325684,4.119999885559082,1.0,0.0,0.0,6.690000057220459,4.0,1.0,0.0,44.0,3.0,40.0,15.0,22.0,34.0,16.0,6.5,101490.0,99.0,87.0,73.0,7.0,4.0,3.0,3.0,2.0,2.0,1.0,1.0,0.0,15.0,11.0,5.0,2.0,0.0,0.0,0.0,0.0,0.0,0.0,0.0,0.0,0.0,27.0,0.0,0.0,72.0,370.0,33.0,24.0,15.0,9.0,26.0,19.0,9.0,4.0,40320.0,1800.0,2760.0,293.54998779296875,287.8500061035156,294.95001220703125,289.6499938964844,292.54998779296875,298.95001220703125,290.3500061035156,19100.0,2.0,10.0,1.0,1.0,1.0,,1.0,766800.0,1.0,1.0,3.0,8.0,23.0,8.0,21.0,26.0,0.0,0.0,0.0,12.0,20.0,26.0,2.0,5.0,,5.0,12.0,21.0,,26.0,0.0,0.0,0.0,0.0,2.0,,10.0,2.0,4.0,5.0
2021-07-21 07:00:00,275.0,180.0,72.0,0.5099999904632568,310.0,1.899999976158142,1.600000023841858,2.059999942779541,4.119999885559082,4.119999885559082,,,,,,,,42.0,4.0,38.0,14.0,22.0,32.0,12.0,,101460.0,,,,7.0,4.0,3.0,2.0,2.0,2.0,1.0,1.0,0.0,,,,,0.0,0.0,0.0,0.0,,,0.0,0.0,,40.0,,,,860.0,32.0,19.0,11.0,5.0,,,,,,2340.0,4260.0,295.54998779296875,,,,293.54998779296875,,290.45001220703125,22200.0,1.0,,1.0,,,,,770400.0,1.0,,3.0,,,8.0,,,0.0,0.0,,11.0,19.0,,1.0,5.0,,,11.0,18.0,,,0.0,0.0,,0.0,,,,1.0,,
2021-07-21 08:00:00,265.0,180.0,70.0,1.0299999713897705,310.0,2.0999999046325684,1.7000000476837158,2.569999933242798,4.119999885559082,4.630000114440918,,,,,,,,43.0,2.0,37.0,17.0,23.0,31.0,11.0,,101470.0,,,,7.0,5.0,3.0,2.0,2.0,2.0,1.0,1.0,0.0,,,,,0.0,0.0,0.0,0.0,,,0.0,0.0,,47.0,,,,1360.0,,,,,,,,,,2520.0,5760.0,297.75,,,,294.95001220703125,,290.45001220703125,24900.0,0.0,,1.0,,,,,774000.0,1.0,,4.0,,,8.0,,,0.0,0.0,,12.0,18.0,,1.0,4.0,,,12.0,20.0,,,0.0,0.0,,0.0,,,,1.0,,
2021-07-21 09:00:00,251.0,180.0,63.0,1.0299999713897705,300.0,2.200000047683716,1.7000000476837158,2.569999933242798,4.630000114440918,5.139999866485596,,,,,,,,43.0,2.0,38.0,16.0,23.0,32.0,12.0,,101460.0,,,,6.0,5.0,3.0,2.0,2.0,2.0,1.0,1.0,0.0,,,,,0.0,0.0,0.0,0.0,0.0,,0.0,0.0,0.0,52.0,,,,1850.0,,,,,,,,,,2640.0,7320.0,299.6499938964844,,,,296.25,,290.3500061035156,28500.0,0.0,,1.0,1.0,1.0,,,777600.0,1.0,1.0,4.0,10.0,,6.0,20.0,,0.0,0.0,,10.0,20.0,,1.0,4.0,,,10.0,20.0,,,0.0,0.0,,0.0,1.0,,,1.0,5.0,
2021-07-21 10:00:00,257.0,240.0,65.0,1.0299999713897705,300.0,2.4000000953674316,1.7999999523162842,2.569999933242798,5.139999866485596,5.659999847412109,,,,,,,,44.0,1.0,38.0,18.0,24.0,32.0,10.0,,101450.0,,,,5.0,4.0,3.0,2.0,2.0,2.0,1.0,1.0,0.0,,,,,0.0,0.0,0.0,0.0,,,0.0,0.0,,56.0,,,,2260.0,,,,,,,,,,2700.0,7560.0,301.1499938964844,,,,297.45001220703125,,290.25,29000.0,0.0,,1.0,,,,,781200.0,1.0,,4.0,,,6.0,,,0.0,0.0,,10.0,18.0,,0.0,3.0,,,10.0,23.0,,,0.0,0.0,,0.0,,,,1.0,,
2021-07-21 11:00:00,264.0,120.0,63.0,1.0299999713897705,300.0,2.9000000953674316,1.899999976158142,3.0899999141693115,5.659999847412109,5.659999847412109,,,,,,,,44.0,1.0,36.0,19.0,23.0,31.0,10.0,,101430.0,,,,5.0,3.0,1.0,3.0,1.0,2.0,1.0,1.0,0.0,,,,,0.0,0.0,0.0,0.0,,,0.0,0.0,,58.0,,,,2490.0,,,,,,,,,,2700.0,7800.0,302.25,,,,298.3500061035156,,290.04998779296875,33300.0,0.0,,1.0,,,,,784800.0,1.0,,4.0,,,6.0,,,0.0,0.0,,10.0,18.0,,0.0,3.0,,,10.0,25.0,,,0.0,0.0,,0.0,,,,1.0,,
2021-07-21 12:00:00,313.0,120.0,67.0,1.0299999713897705,300.0,3.0,1.899999976158142,3.0899999141693115,5.659999847412109,6.170000076293945,4.0,0.0,0.0,,,,,45.0,0.0,38.0,19.0,23.0,32.0,12.0,,101410.0,,,,3.0,2.0,1.0,2.0,1.0,1.0,1.0,1.0,0.0,24.0,17.0,9.0,3.0,0.0,0.0,0.0,0.0,0.0,0.0,0.0,0.0,0.0,58.0,,,,2590.0,,,,,,,,,,2640.0,8040.0,303.04998779296875,,,,299.6499938964844,,289.95001220703125,38900.0,0.0,10.0,1.0,1.0,1.0,1.0,1.0,788400.0,1.0,1.0,6.0,13.0,17.0,5.0,18.0,28.0,0.0,0.0,0.0,11.0,21.0,28.0,0.0,2.0,10.0,7.0,11.0,21.0,34.0,28.0,0.0,0.0,0.0,1.0,1.0,19.0,3.0,1.0,5.0,6.0
2021-07-21 13:00:00,333.0,120.0,63.0,1.0299999713897705,290.0,3.0999999046325684,1.7999999523162842,3.0899999141693115,6.170000076293945,6.690000057220459,,,,,,,,46.0,0.0,38.0,19.0,22.0,33.0,13.0,,101370.0,,,,6.0,3.0,3.0,2.0,2.0,2.0,1.0,1.0,0.0,,,,,0.0,0.0,0.0,0.0,,,0.0,0.0,,59.0,,,,2540.0,,,,,,,,,,2640.0,7980.0,303.04998779296875,,,,299.6499938964844,,289.8500061035156,36200.0,0.0,,1.0,,,,,792000.0,1.0,,7.0,,,5.0,,,0.0,0.0,,12.0,19.0,,0.0,2.0,,,12.0,27.0,,,0.0,0.0,,2.0,,,,1.0,,
2021-07-21 14:00:00,323.0,180.0,62.0,1.0299999713897705,290.0,3.200000047683716,1.899999976158142,3.0899999141693115,6.170000076293945,6.690000057220459,,,,,,,,46.0,0.0,38.0,20.0,21.0,32.0,15.0,,101360.0,,,,6.0,3.0,3.0,2.0,2.0,2.0,2.0,1.0,0.0,,,,,0.0,0.0,0.0,0.0,,,0.0,0.0,,58.0,,,,2340.0,,,,,,,,,,2580.0,7920.0,302.75,,,,299.8500061035156,,289.75,36600.0,0.0,,1.0,,,,,795600.0,1.0,,8.0,,,4.0,,,0.0,0.0,,12.0,20.0,,0.0,2.0,,,12.0,28.0,,,0.0,0.0,,3.0,,,,1.0,,
2021-07-21 15:00:00,348.0,180.0,63.0,1.0299999713897705,290.0,3.299999952316284,2.0,3.0899999141693115,6.170000076293945,7.199999809265137,,,,,,,,44.0,0.0,38.0,17.0,18.0,32.0,17.0,,101310.0,,,,6.0,3.0,4.0,3.0,3.0,3.0,2.0,1.0,1.0,,,,,0.0,0.0,0.0,0.0,0.0,,0.0,0.0,0.0,58.0,,,,2040.0,,,,,,,,,,2580.0,7800.0,302.1499938964844,,,,299.95001220703125,,289.6499938964844,37800.0,0.0,,1.0,1.0,1.0,,,799200.0,1.0,1.0,8.0,21.0,,4.0,16.0,,0.0,0.0,,12.0,23.0,,0.0,1.0,,,12.0,23.0,,,0.0,0.0,,3.0,6.0,,,1.0,4.0,
2021-07-21 16:00:00,27.0,120.0,60.0,1.0299999713897705,290.0,3.5,2.0,3.0899999141693115,6.170000076293945,7.199999809265137,,,,,,,,45.0,0.0,39.0,19.0,18.0,32.0,18.0,,101310.0,,,,5.0,4.0,3.0,3.0,4.0,3.0,2.0,1.0,1.0,,,,,0.0,0.0,0.0,0.0,,,0.0,0.0,,56.0,,,,1610.0,,,,,,,,,,2640.0,7560.0,301.04998779296875,,,,299.6499938964844,,289.75,39400.0,0.0,,1.0,,,,,802800.0,1.0,,8.0,,,4.0,,,0.0,0.0,,12.0,19.0,,0.0,1.0,,,12.0,28.0,,,0.0,0.0,,4.0,,,,0.0,,
2021-07-21 17:00:00,2.0,120.0,56.0,1.0299999713897705,300.0,3.4000000953674316,2.0,3.0899999141693115,5.659999847412109,6.690000057220459,,,,,,,,46.0,0.0,40.0,20.0,17.0,33.0,19.0,,101320.0,,,,6.0,5.0,4.0,4.0,4.0,3.0,2.0,1.0,1.0,,,,,0.0,0.0,0.0,0.0,,,0.0,0.0,,52.0,,,,1120.0,,,,,,,,,,2340.0,7320.0,299.45001220703125,,,,299.04998779296875,,290.04998779296875,41200.0,0.0,,1.0,,,,,806400.0,1.0,,7.0,,,5.0,,,0.0,0.0,,12.0,18.0,,0.0,1.0,,,12.0,27.0,,,0.0,0.0,,4.0,,,,0.0,,
2021-07-21 18:00:00,359.0,180.0,54.0,1.0299999713897705,300.0,3.200000047683716,2.0,2.569999933242798,5.139999866485596,6.690000057220459,8.0,0.0,0.0,8.229999542236328,7.0,0.0,0.0,47.0,0.0,41.0,18.0,18.0,35.0,20.0,,101340.0,,,,6.0,6.0,4.0,4.0,3.0,3.0,2.0,1.0,1.0,26.0,19.0,9.0,5.0,0.0,0.0,0.0,0.0,0.0,0.0,0.0,0.0,0.0,46.0,,0.0,,620.0,,,,,40.0,30.0,15.0,8.0,,1920.0,7080.0,297.25,,,292.3500061035156,297.8500061035156,301.45001220703125,290.3500061035156,41300.0,0.0,10.0,1.0,1.0,1.0,,1.0,810000.0,1.0,1.0,8.0,21.0,28.0,6.0,15.0,28.0,0.0,0.0,0.0,14.0,21.0,34.0,0.0,1.0,,3.0,14.0,21.0,,34.0,0.0,0.0,0.0,4.0,11.0,,11.0,0.0,2.0,5.0
2021-07-21 19:00:00,33.0,180.0,62.0,1.0299999713897705,260.0,2.799999952316284,2.0,2.569999933242798,4.630000114440918,6.170000076293945,,,,,,,,47.0,0.0,41.0,16.0,18.0,36.0,22.0,,101350.0,,,,7.0,6.0,5.0,5.0,4.0,4.0,2.0,1.0,1.0,,,,,0.0,0.0,0.0,0.0,,,0.0,0.0,,36.0,,,,200.0,,,,,,,,,,1260.0,5280.0,295.25,,,,296.3500061035156,,290.25,37900.0,0.0,,61.0,,,,,813600.0,1.0,,10.0,,,7.0,,,0.0,0.0,,16.0,19.0,,0.0,1.0,,,16.0,25.0,,,0.0,0.0,,4.0,,,,0.0,,
2021-07-21 20:00:00,75.0,240.0,71.0,0.5099999904632568,260.0,2.0999999046325684,1.899999976158142,2.059999942779541,4.119999885559082,5.659999847412109,,,,,,,,46.0,0.0,41.0,14.0,18.0,37.0,24.0,,101400.0,,,,8.0,6.0,5.0,5.0,4.0,3.0,2.0,1.0,1.0,,,,,0.0,0.0,0.0,0.0,,,0.0,0.0,,15.0,,,,10.0,,,,,,,,,,600.0,3480.0,293.75,,,,294.75,,290.25,29400.0,0.0,,1.0,,,,,817200.0,1.0,,9.0,,,6.0,,,0.0,0.0,,15.0,21.0,,1.0,2.0,,,15.0,23.0,,,0.0,0.0,,4.0,,,,0.0,,
2021-07-21 21:00:00,140.0,240.0,80.0,0.5099999904632568,270.0,2.0,1.7999999523162842,2.059999942779541,3.5999999046325684,5.139999866485596,,,,,,,,45.0,0.0,41.0,10.0,18.0,39.0,26.0,,101440.0,,,,9.0,7.0,6.0,5.0,4.0,4.0,2.0,1.0,1.0,,,,,0.0,0.0,0.0,0.0,0.0,,0.0,0.0,0.0,,,,,0.0,,,,,,,,,,0.0,1680.0,292.04998779296875,,,,293.54998779296875,,290.1499938964844,24900.0,0.0,,1.0,61.0,61.0,,,820800.0,1.0,1.0,7.0,23.0,,6.0,16.0,,0.0,0.0,,13.0,23.0,,1.0,2.0,,,13.0,23.0,,,0.0,0.0,,3.0,11.0,,,0.0,1.0,
2021-07-21 22:00:00,174.0,180.0,81.0,0.5099999904632568,270.0,1.899999976158142,1.7999999523162842,1.5399999618530273,3.5999999046325684,4.630000114440918,,,,,,,,45.0,0.0,40.0,9.0,18.0,39.0,26.0,,101470.0,,,,9.0,7.0,7.0,5.0,4.0,3.0,2.0,1.0,1.0,,,,,0.0,0.0,0.0,0.0,,,0.0,0.0,,,,,,0.0,,,,,,,,,,0.0,1080.0,291.3500061035156,,,,292.6499938964844,,290.04998779296875,22200.0,0.0,,1.0,,,,,824400.0,1.0,,6.0,,,6.0,,,0.0,0.0,,12.0,23.0,,1.0,2.0,,,12.0,23.0,,,0.0,0.0,,3.0,,,,0.0,,
2021-07-21 23:00:00,161.0,180.0,76.0,0.5099999904632568,280.0,1.899999976158142,1.7999999523162842,1.5399999618530273,3.5999999046325684,4.630000114440918,,,,,,,,43.0,0.0,39.0,6.0,18.0,39.0,26.0,,101470.0,,,,9.0,6.0,6.0,5.0,4.0,3.0,2.0,1.0,1.0,,,,,0.0,0.0,0.0,0.0,,,0.0,0.0,,,,,,0.0,,,,,,,,,,0.0,540.0,290.8500061035156,,,,292.04998779296875,,289.8500061035156,18700.0,0.0,,1.0,,,,,828000.0,1.0,,4.0,,,8.0,,,0.0,0.0,,12.0,25.0,,1.0,2.0,,,12.0,24.0,,,0.0,0.0,,2.0,,,,0.0,,
2021-07-22 00:00:00,161.0,180.0,79.0,0.5099999904632568,310.0,1.7999999523162842,1.7000000476837158,1.5399999618530273,3.5999999046325684,4.630000114440918,3.0,1.0,0.0,,,,,43.0,1.0,39.0,7.0,20.0,39.0,25.0,,101480.0,,,,8.0,6.0,5.0,4.0,4.0,3.0,2.0,1.0,0.0,25.0,16.0,9.0,5.0,0.0,0.0,0.0,0.0,0.0,0.0,0.0,0.0,0.0,,,,,0.0,,,,,,,,,,0.0,0.0,290.54998779296875,,,,291.45001220703125,,289.6499938964844,16700.0,0.0,10.0,1.0,1.0,61.0,61.0,61.0,831600.0,1.0,1.0,3.0,18.0,30.0,9.0,21.0,29.0,0.0,0.0,0.0,12.0,26.0,35.0,1.0,2.0,10.0,3.0,12.0,26.0,43.0,35.0,0.0,0.0,0.0,2.0,8.0,20.0,17.0,0.0,1.0,2.0
2021-07-22 01:00:00,169.0,120.0,74.0,0.5099999904632568,310.0,1.7000000476837158,1.7999999523162842,1.5399999618530273,3.5999999046325684,4.119999885559082,,,,,,,,44.0,1.0,40.0,7.0,17.0,40.0,27.0,,101490.0,,,,7.0,6.0,5.0,4.0,3.0,3.0,1.0,1.0,0.0,,,,,0.0,0.0,0.0,0.0,,,0.0,0.0,,,,,,0.0,,,,,,,,,,0.0,0.0,290.25,,,,290.95001220703125,,289.6499938964844,14800.0,1.0,,1.0,,,,,835200.0,1.0,,3.0,,,9.0,,,0.0,0.0,,12.0,25.0,,1.0,2.0,,,12.0,25.0,,,0.0,0.0,,1.0,,,,0.0,,
2021-07-22 02:00:00,168.0,120.0,73.0,0.5099999904632568,310.0,1.7000000476837158,1.7999999523162842,1.5399999618530273,3.0899999141693115,4.119999885559082,,,,,,,,45.0,3.0,41.0,7.0,18.0,41.0,28.0,,101490.0,,,,7.0,5.0,5.0,4.0,3.0,2.0,1.0,1.0,0.0,,,,,0.0,0.0,0.0,0.0,,,0.0,0.0,,,,,,0.0,,,,,,,,,,0.0,0.0,289.8500061035156,,,,290.45001220703125,,289.54998779296875,13200.0,1.0,,1.0,,,,,838800.0,1.0,,3.0,,,11.0,,,0.0,0.0,,14.0,23.0,,2.0,3.0,,,14.0,24.0,,,0.0,0.0,,0.0,,,,1.0,,
2021-07-22 03:00:00,171.0,180.0,69.0,0.5099999904632568,310.0,1.7999999523162842,1.7000000476837158,1.5399999618530273,3.0899999141693115,4.119999885559082,,,,,,,,46.0,2.0,42.0,8.0,20.0,42.0,27.0,,101500.0,,,,8.0,6.0,4.0,3.0,3.0,3.0,1.0,1.0,0.0,,,,,0.0,0.0,0.0,0.0,0.0,,0.0,0.0,0.0,,,,,0.0,,,,,,,,,,0.0,0.0,289.75,,,,290.25,,289.45001220703125,13200.0,1.0,,1.0,1.0,1.0,,,842400.0,1.0,1.0,3.0,13.0,,11.0,23.0,,0.0,0.0,,14.0,23.0,,2.0,3.0,,,14.0,23.0,,,0.0,0.0,,0.0,4.0,,,1.0,2.0,
2021-07-22 04:00:00,170.0,180.0,76.0,0.5099999904632568,280.0,1.7999999523162842,1.7000000476837158,1.5399999618530273,3.0899999141693115,4.119999885559082,,,,,,,,48.0,2.0,42.0,10.0,20.0,42.0,27.0,,101510.0,,,,8.0,8.0,4.0,3.0,2.0,2.0,1.0,1.0,0.0,,,,,0.0,0.0,0.0,0.0,,,0.0,0.0,,0.0,,,,0.0,,,,,,,,,,300.0,840.0,290.1499938964844,,,,290.25,,289.45001220703125,14600.0,1.0,,1.0,,,,,846000.0,1.0,,3.0,,,11.0,,,0.0,0.0,,14.0,22.0,,2.0,4.0,,,14.0,24.0,,,0.0,0.0,,0.0,,,,1.0,,
2021-07-22 05:00:00,203.0,180.0,70.0,0.5099999904632568,320.0,1.7000000476837158,1.600000023841858,1.5399999618530273,3.0899999141693115,3.5999999046325684,,,,,,,,50.0,4.0,44.0,16.0,23.0,41.0,23.0,,101520.0,,,,6.0,6.0,4.0,3.0,3.0,2.0,1.0,1.0,0.0,,,,,0.0,0.0,0.0,0.0,,,0.0,0.0,,12.0,,,,70.0,,,,,,,,,,900.0,1680.0,291.1499938964844,,,,290.6499938964844,,289.45001220703125,19200.0,1.0,,1.0,,,,,849600.0,1.0,,3.0,,,9.0,,,0.0,0.0,,12.0,22.0,,2.0,5.0,,,12.0,24.0,,,0.0,0.0,,0.0,,,,1.0,,
2021-07-22 06:00:00,226.0,180.0,71.0,1.0299999713897705,330.0,1.7999999523162842,1.600000023841858,2.059999942779541,3.5999999046325684,3.5999999046325684,1.0,0.0,0.0,6.170000076293945,3.0,1.0,0.0,50.0,5.0,44.0,18.0,25.0,39.0,20.0,6.5,101530.0,97.0,81.0,62.0,9.0,5.0,4.0,3.0,2.0,2.0,1.0,1.0,0.0,23.0,15.0,8.0,4.0,0.0,0.0,0.0,0.0,0.0,0.0,0.0,0.0,0.0,25.0,0.0,0.0,63.0,340.0,45.0,34.0,24.0,12.0,27.0,23.0,14.0,7.0,35280.0,1560.0,2520.0,293.45001220703125,287.3500061035156,294.3500061035156,289.25,291.8500061035156,297.8500061035156,289.95001220703125,20900.0,1.0,10.0,1.0,1.0,1.0,,61.0,853200.0,1.0,1.0,4.0,12.0,25.0,10.0,23.0,30.0,0.0,0.0,0.0,13.0,23.0,30.0,2.0,5.0,,6.0,13.0,23.0,,30.0,0.0,0.0,0.0,0.0,2.0,,10.0,2.0,4.0,4.0
2021-07-22 07:00:00,242.0,180.0,69.0,1.0299999713897705,320.0,2.0999999046325684,1.600000023841858,2.059999942779541,4.119999885559082,4.119999885559082,,,,,,,,48.0,3.0,43.0,15.0,25.0,38.0,18.0,,101540.0,,,,8.0,6.0,4.0,3.0,2.0,2.0,1.0,1.0,0.0,,,,,0.0,0.0,0.0,0.0,,,0.0,0.0,,35.0,,,,750.0,38.0,27.0,19.0,10.0,,,,,,2160.0,4020.0,295.75,,,,293.54998779296875,,290.1499938964844,22900.0,0.0,,1.0,,,,,856800.0,1.0,,4.0,,,10.0,,,0.0,0.0,,14.0,21.0,,1.0,5.0,,,14.0,24.0,,,0.0,0.0,,0.0,,,,2.0,,
2021-07-22 08:00:00,266.0,240.0,67.0,1.0299999713897705,310.0,2.4000000953674316,1.7000000476837158,2.569999933242798,4.630000114440918,4.630000114440918,,,,,,,,47.0,2.0,41.0,15.0,25.0,37.0,17.0,,101550.0,,,,7.0,5.0,5.0,3.0,2.0,2.0,1.0,1.0,0.0,,,,,0.0,0.0,0.0,0.0,,,0.0,0.0,,44.0,,,,1280.0,,,,,,,,,,2400.0,5460.0,297.75,,,,295.04998779296875,,290.1499938964844,25500.0,0.0,,1.0,,,,,860400.0,1.0,,4.0,,,9.0,,,0.0,0.0,,13.0,21.0,,1.0,5.0,,,13.0,23.0,,,0.0,0.0,,0.0,,,,1.0,,
2021-07-22 09:00:00,269.0,180.0,68.0,1.0299999713897705,310.0,2.700000047683716,1.7999999523162842,2.569999933242798,5.139999866485596,5.139999866485596,,,,,,,,46.0,2.0,41.0,16.0,25.0,36.0,15.0,,101550.0,,,,6.0,5.0,5.0,2.0,2.0,2.0,0.0,1.0,0.0,,,,,0.0,0.0,0.0,0.0,0.0,,0.0,0.0,0.0,50.0,,,,1750.0,,,,,,,,,,2520.0,6960.0,299.6499938964844,,,,296.45001220703125,,290.04998779296875,27700.0,0.0,,1.0,1.0,1.0,,,864000.0,1.0,1.0,4.0,10.0,,7.0,23.0,,0.0,0.0,,11.0,23.0,,0.0,4.0,,,11.0,23.0,,,0.0,0.0,,0.0,1.0,,,2.0,5.0,
2021-07-22 10:00:00,283.0,180.0,69.0,1.0299999713897705,310.0,2.9000000953674316,1.899999976158142,2.569999933242798,5.659999847412109,5.659999847412109,,,,,,,,46.0,1.0,40.0,17.0,23.0,35.0,16.0,,101530.0,,,,6.0,4.0,3.0,2.0,1.0,2.0,0.0,1.0,0.0,,,,,0.0,0.0,0.0,0.0,,,0.0,0.0,,53.0,,,,2110.0,,,,,,,,,,2580.0,7260.0,301.25,,,,297.6499938964844,,289.95001220703125,31100.0,0.0,,1.0,,,,,867600.0,1.0,,5.0,,,7.0,,,0.0,0.0,,12.0,21.0,,0.0,3.0,,,12.0,23.0,,,0.0,0.0,,0.0,,,,2.0,,
2021-07-22 11:00:00,304.0,180.0,70.0,1.0299999713897705,300.0,2.9000000953674316,2.0999999046325684,3.0899999141693115,6.170000076293945,6.170000076293945,,,,,,,,48.0,1.0,41.0,18.0,24.0,36.0,16.0,,101510.0,,,,6.0,4.0,3.0,2.0,1.0,1.0,1.0,1.0,0.0,,,,,0.0,0.0,0.0,0.0,,,0.0,0.0,,54.0,,,,2350.0,,,,,,,,,,2580.0,7560.0,302.3500061035156,,,,298.54998779296875,,289.8500061035156,33600.0,0.0,,1.0,,,,,871200.0,1.0,,6.0,,,5.0,,,0.0,0.0,,11.0,21.0,,0.0,3.0,,,11.0,24.0,,,0.0,0.0,,0.0,,,,1.0,,
2021-07-22 12:00:00,316.0,180.0,67.0,1.0299999713897705,300.0,3.0,2.0999999046325684,3.0899999141693115,6.170000076293945,6.690000057220459,6.0,0.0,0.0,,,,,49.0,0.0,42.0,22.0,24.0,34.0,13.0,,101470.0,,,,6.0,5.0,3.0,2.0,2.0,1.0,1.0,1.0,0.0,18.0,14.0,7.0,4.0,0.0,0.0,0.0,0.0,0.0,0.0,0.0,0.0,0.0,55.0,,,,2430.0,,,,,,,,,,2580.0,7860.0,303.04998779296875,,,,299.3500061035156,,289.6499938964844,35500.0,0.0,10.0,1.0,1.0,1.0,61.0,1.0,874800.0,1.0,1.0,7.0,15.0,20.0,4.0,22.0,32.0,0.0,0.0,0.0,11.0,22.0,32.0,0.0,2.0,8.0,6.0,11.0,22.0,43.0,32.0,0.0,0.0,0.0,1.0,1.0,20.0,4.0,1.0,5.0,6.0
2021-07-22 13:00:00,322.0,180.0,66.0,1.0299999713897705,300.0,3.200000047683716,2.0999999046325684,3.5999999046325684,6.690000057220459,7.199999809265137,,,,,,,,49.0,0.0,42.0,22.0,22.0,35.0,16.0,,101440.0,,,,7.0,5.0,3.0,3.0,2.0,3.0,1.0,1.0,0.0,,,,,0.0,0.0,0.0,0.0,,,0.0,0.0,,55.0,,,,2380.0,,,,,,,,,,2520.0,7740.0,303.1499938964844,,,,299.8500061035156,,289.54998779296875,37600.0,0.0,,1.0,,,,,878400.0,1.0,,7.0,,,4.0,,,0.0,0.0,,11.0,21.0,,0.0,2.0,,,11.0,25.0,,,0.0,0.0,,2.0,,,,1.0,,
2021-07-22 14:00:00,325.0,180.0,62.0,1.0299999713897705,300.0,3.299999952316284,2.200000047683716,3.5999999046325684,6.690000057220459,7.199999809265137,,,,,,,,49.0,0.0,42.0,22.0,20.0,35.0,18.0,,101420.0,,,,7.0,6.0,2.0,3.0,4.0,3.0,1.0,1.0,0.0,,,,,0.0,0.0,0.0,0.0,,,0.0,0.0,,54.0,,,,2170.0,,,,,,,,,,2460.0,7620.0,302.95001220703125,,,,300.04998779296875,,289.45001220703125,39000.0,0.0,,1.0,,,,,882000.0,1.0,,8.0,,,4.0,,,0.0,0.0,,12.0,22.0,,0.0,2.0,,,12.0,26.0,,,0.0,0.0,,3.0,,,,1.0,,
2021-07-22 15:00:00,334.0,180.0,73.0,1.0299999713897705,300.0,3.4000000953674316,2.200000047683716,3.5999999046325684,6.690000057220459,7.71999979019165,,,,,,,,49.0,0.0,43.0,22.0,18.0,35.0,21.0,,101400.0,,,,7.0,6.0,4.0,3.0,3.0,3.0,2.0,1.0,1.0,,,,,0.0,0.0,0.0,0.0,0.0,,0.0,0.0,0.0,55.0,,,,1930.0,,,,,,,,,,2400.0,7500.0,302.3500061035156,,,,300.1499938964844,,289.3500061035156,40100.0,0.0,,1.0,1.0,1.0,,,885600.0,1.0,1.0,8.0,19.0,,4.0,10.0,,0.0,0.0,,12.0,23.0,,0.0,1.0,,,12.0,23.0,,,0.0,0.0,,3.0,6.0,,,1.0,3.0,
2021-07-22 16:00:00,340.0,180.0,66.0,1.0299999713897705,300.0,3.5,2.200000047683716,3.0899999141693115,6.690000057220459,,,,,,,,,52.0,0.0,43.0,25.0,17.0,36.0,23.0,,101390.0,,,,8.0,6.0,5.0,4.0,3.0,3.0,2.0,1.0,1.0,,,,,0.0,0.0,0.0,0.0,,,0.0,0.0,,53.0,,,,1510.0,,,,,,,,,,2340.0,,301.3500061035156,,,,299.8500061035156,,289.45001220703125,41100.0,0.0,,,,,,,889200.0,,,9.0,,,5.0,,,0.0,,,13.0,,,0.0,,,,15.0,,,,0.0,,,3.0,,,,0.0,,
